                                                                                                                                                                                                                                                                



                        1                         2                         3                         4                         5                         6                         7
                   E_norm                  Re(freq)                  Im(freq)                         l                       n_g                       n_p                      n_pg
  0.5811591687155330E+002   0.5025837198538825E+001   0.0000000000000000E+000                         1                       132                         3                      -129
  0.5731335853728280E+002   0.5063264577446021E+001   0.0000000000000000E+000                         1                       131                         3                      -128
  0.5576959405287193E+002   0.5101183062220620E+001   0.0000000000000000E+000                         1                       131                         2                      -129
  0.5480467879486036E+002   0.5139566643444391E+001   0.0000000000000000E+000                         1                       129                         3                      -126
  0.5403674109427453E+002   0.5178658435811756E+001   0.0000000000000000E+000                         1                       130                         1                      -129
  0.5288909679794094E+002   0.5218258401179182E+001   0.0000000000000000E+000                         1                       128                         2                      -126
  0.5222909425867989E+002   0.5258490008227493E+001   0.0000000000000000E+000                         1                       127                         2                      -125
  0.5155302548749012E+002   0.5299355478873427E+001   0.0000000000000000E+000                         1                       126                         2                      -124
  0.5067731236259256E+002   0.5340961391244111E+001   0.0000000000000000E+000                         1                       125                         2                      -123
  0.4938387793627876E+002   0.5383077767031770E+001   0.0000000000000000E+000                         1                       124                         2                      -122
  0.4870912749575686E+002   0.5425911242769789E+001   0.0000000000000000E+000                         1                       123                         2                      -121
  0.4780589532434414E+002   0.5469413973506422E+001   0.0000000000000000E+000                         1                       123                         1                      -122
  0.4710776886637235E+002   0.5513678454305690E+001   0.0000000000000000E+000                         1                       120                         3                      -117
  0.4616850789469359E+002   0.5558587638281780E+001   0.0000000000000000E+000                         1                       119                         3                      -116
  0.4565809506840461E+002   0.5604317855506453E+001   0.0000000000000000E+000                         1                       118                         3                      -115
  0.4457256145779021E+002   0.5650790966077355E+001   0.0000000000000000E+000                         1                       118                         2                      -116
  0.4396312233752906E+002   0.5697999895840730E+001   0.0000000000000000E+000                         1                       116                         3                      -113
  0.4301035362952008E+002   0.5746078235969240E+001   0.0000000000000000E+000                         1                       115                         3                      -112
  0.4222518579873319E+002   0.5794879976067129E+001   0.0000000000000000E+000                         1                       115                         2                      -113
  0.4156258976898427E+002   0.5844578057020596E+001   0.0000000000000000E+000                         1                       114                         2                      -112
  0.4086314383829907E+002   0.5895174115651779E+001   0.0000000000000000E+000                         1                       112                         3                      -109
  0.3984406660355997E+002   0.5946617934981997E+001   0.0000000000000000E+000                         1                       111                         3                      -108
  0.3929200085565189E+002   0.5998864289759655E+001   0.0000000000000000E+000                         1                       111                         2                      -109
  0.3876128499377980E+002   0.6052262729182397E+001   0.0000000000000000E+000                         1                       109                         3                      -106
  0.3771690437452636E+002   0.6106485217390579E+001   0.0000000000000000E+000                         1                       109                         2                      -107
  0.3718837449961184E+002   0.6161661521244245E+001   0.0000000000000000E+000                         1                       108                         2                      -106
  0.3647148772422626E+002   0.6217932212525793E+001   0.0000000000000000E+000                         1                       107                         2                      -105
  0.3575358406271617E+002   0.6275223277645111E+001   0.0000000000000000E+000                         1                       107                         1                      -106
  0.3497150293377367E+002   0.6333516165426127E+001   0.0000000000000000E+000                         1                       105                         2                      -103
  0.3454266806107030E+002   0.6392949389539818E+001   0.0000000000000000E+000                         1                       104                         2                      -102
  0.3377769427360163E+002   0.6453575744177867E+001   0.0000000000000000E+000                         1                       103                         2                      -101
  0.3318154393778888E+002   0.6515288628663757E+001   0.0000000000000000E+000                         1                       102                         2                      -100
  0.3239376248433909E+002   0.6578270572676510E+001   0.0000000000000000E+000                         1                       101                         2                       -99
  0.3180632453521170E+002   0.6642338464497737E+001   0.0000000000000000E+000                         1                       100                         2                       -98
  0.3116296639241698E+002   0.6707831381820324E+001   0.0000000000000000E+000                         1                        99                         2                       -97
  0.3055386624885436E+002   0.6774481025293548E+001   0.0000000000000000E+000                         1                        98                         2                       -96
  0.3000349159844436E+002   0.6842602237833248E+001   0.0000000000000000E+000                         1                        98                         1                       -97
  0.2945449465648933E+002   0.6912020831753304E+001   0.0000000000000000E+000                         1                        96                         2                       -94
  0.2881146789575434E+002   0.6982966483514590E+001   0.0000000000000000E+000                         1                        95                         2                       -93
  0.2814445255619376E+002   0.7055255341546005E+001   0.0000000000000000E+000                         1                        94                         2                       -92
  0.2757585444370506E+002   0.7129061970743135E+001   0.0000000000000000E+000                         1                        93                         2                       -91
  0.2706102584962786E+002   0.7204423853166633E+001   0.0000000000000000E+000                         1                        93                         1                       -92
  0.2654474526620672E+002   0.7281405516545132E+001   0.0000000000000000E+000                         1                        92                         1                       -91
  0.2596450154315060E+002   0.7360068426530779E+001   0.0000000000000000E+000                         1                        91                         1                       -90
  0.2544111980421309E+002   0.7440294961184678E+001   0.0000000000000000E+000                         1                        90                         1                       -89
  0.2487204169005421E+002   0.7522435656077165E+001   0.0000000000000000E+000                         1                        89                         1                       -88
  0.2426941114870039E+002   0.7606118976393633E+001   0.0000000000000000E+000                         1                        88                         1                       -87
  0.2383655382439292E+002   0.7691807552862326E+001   0.0000000000000000E+000                         1                        87                         1                       -86
  0.2332221637119406E+002   0.7779279300592250E+001   0.0000000000000000E+000                         1                        86                         1                       -85
  0.2284318845303028E+002   0.7868825519260641E+001   0.0000000000000000E+000                         1                        85                         1                       -84
  0.2236144232886951E+002   0.7960209665357093E+001   0.0000000000000000E+000                         1                        84                         1                       -83
  0.2186158641160772E+002   0.8053914813760910E+001   0.0000000000000000E+000                         1                        83                         1                       -82
  0.2130268033180884E+002   0.8149437056184436E+001   0.0000000000000000E+000                         1                        82                         1                       -81
  0.2091093004037374E+002   0.8247368305999167E+001   0.0000000000000000E+000                         1                        81                         1                       -80
  0.2046834191383417E+002   0.8347537431224673E+001   0.0000000000000000E+000                         1                        80                         1                       -79
  0.1996631916325211E+002   0.8450183493663639E+001   0.0000000000000000E+000                         1                        79                         1                       -78
  0.1956400440332249E+002   0.8555170654801502E+001   0.0000000000000000E+000                         1                        78                         1                       -77
  0.1908635729233761E+002   0.8662960392035160E+001   0.0000000000000000E+000                         1                        77                         1                       -76
  0.1863287516896313E+002   0.8773331361924308E+001   0.0000000000000000E+000                         1                        76                         1                       -75
  0.1815094481010504E+002   0.8886617490007444E+001   0.0000000000000000E+000                         1                        76                         0                       -76
  0.1777748828875333E+002   0.9002870791548004E+001   0.0000000000000000E+000                         1                        74                         1                       -73
  0.1733800752538487E+002   0.9122414391706636E+001   0.0000000000000000E+000                         1                        74                         0                       -74
  0.1689896991314347E+002   0.9245208203475057E+001   0.0000000000000000E+000                         1                        72                         1                       -71
  0.1645071605123296E+002   0.9371539625161475E+001   0.0000000000000000E+000                         1                        71                         1                       -70
  0.1603861253872407E+002   0.9501394938510090E+001   0.0000000000000000E+000                         1                        70                         1                       -69
  0.1562258961363861E+002   0.9635278133387239E+001   0.0000000000000000E+000                         1                        69                         1                       -68
  0.1519062522510572E+002   0.9772863739372729E+001   0.0000000000000000E+000                         1                        69                         0                       -69
  0.1480458993692607E+002   0.9914929452716139E+001   0.0000000000000000E+000                         1                        67                         1                       -66
  0.1440295737199967E+002   0.1006099837631569E+002   0.0000000000000000E+000                         1                        66                         1                       -65
  0.1400549350334205E+002   0.1021198877390993E+002   0.0000000000000000E+000                         1                        65                         1                       -64
  0.1360879132377525E+002   0.1036730593836326E+002   0.0000000000000000E+000                         1                        64                         1                       -63
  0.1320655229929438E+002   0.1052784284804109E+002   0.0000000000000000E+000                         1                        63                         1                       -62
  0.1287175780671503E+002   0.1069316189688959E+002   0.0000000000000000E+000                         1                        62                         1                       -61
  0.1247709193728774E+002   0.1086416202468300E+002   0.0000000000000000E+000                         1                        61                         1                       -60
  0.1212475477143561E+002   0.1104038765042918E+002   0.0000000000000000E+000                         1                        61                         0                       -61
  0.1176957915657433E+002   0.1122246918924854E+002   0.0000000000000000E+000                         1                        59                         1                       -58
  0.1144128006992646E+002   0.1141051374577820E+002   0.0000000000000000E+000                         1                        58                         1                       -57
  0.1108057937491754E+002   0.1160463564712732E+002   0.0000000000000000E+000                         1                        57                         1                       -56
  0.1078122904459021E+002   0.1180500709540867E+002   0.0000000000000000E+000                         1                        56                         1                       -55
  0.1045295160762223E+002   0.1201181569380346E+002   0.0000000000000000E+000                         1                        55                         1                       -54
  0.1017166830413204E+002   0.1222492324267806E+002   0.0000000000000000E+000                         1                        54                         1                       -53
  0.9870722056927473E+001   0.1244444430017298E+002   0.0000000000000000E+000                         1                        53                         1                       -52
  0.9637479644586225E+001   0.1266983573221546E+002   0.0000000000000000E+000                         1                        52                         1                       -51
  0.9384127549528404E+001   0.1290108919230336E+002   0.0000000000000000E+000                         1                        52                         0                       -52
  0.9206547838790819E+001   0.1313778406603399E+002   0.0000000000000000E+000                         1                        51                         0                       -51
  0.8945933672744134E+001   0.1338087080544429E+002   0.0000000000000000E+000                         1                        50                         0                       -50
  0.8721566151040868E+001   0.1363143627209331E+002   0.0000000000000000E+000                         1                        49                         0                       -49
  0.8413852102072720E+001   0.1389309029899114E+002   0.0000000000000000E+000                         1                        48                         0                       -48
  0.8101912459607851E+001   0.1416763132912744E+002   0.0000000000000000E+000                         1                        47                         0                       -47
  0.7761252321568286E+001   0.1445735735670156E+002   0.0000000000000000E+000                         1                        46                         0                       -46
  0.7466058126416426E+001   0.1476263669734160E+002   0.0000000000000000E+000                         1                        45                         0                       -45
  0.7158933532980574E+001   0.1508452062235069E+002   0.0000000000000000E+000                         1                        44                         0                       -44
  0.6865974928413615E+001   0.1542310838333218E+002   0.0000000000000000E+000                         1                        43                         0                       -43
  0.6582411058988679E+001   0.1577926580062100E+002   0.0000000000000000E+000                         1                        42                         0                       -42
  0.6318355063189244E+001   0.1615374749442752E+002   0.0000000000000000E+000                         1                        41                         0                       -41
  0.6052084669605136E+001   0.1654780225582838E+002   0.0000000000000000E+000                         1                        40                         0                       -40
  0.5806425839728909E+001   0.1696246207775865E+002   0.0000000000000000E+000                         1                        39                         0                       -39
  0.5559683380361164E+001   0.1739925436337175E+002   0.0000000000000000E+000                         1                        38                         0                       -38
  0.5326767854400338E+001   0.1785977549850985E+002   0.0000000000000000E+000                         1                        37                         0                       -37
  0.5083813699249405E+001   0.1834610705013306E+002   0.0000000000000000E+000                         1                        36                         0                       -36
  0.4867104037129305E+001   0.1885984787859859E+002   0.0000000000000000E+000                         1                        35                         0                       -35
  0.4636114122485027E+001   0.1940350842841029E+002   0.0000000000000000E+000                         1                        34                         0                       -34
  0.4432833566231857E+001   0.1997980799132751E+002   0.0000000000000000E+000                         1                        33                         0                       -33
  0.4222592982191826E+001   0.2059151105188943E+002   0.0000000000000000E+000                         1                        32                         0                       -32
  0.4021105844795459E+001   0.2124250214476670E+002   0.0000000000000000E+000                         1                        31                         0                       -31
  0.3821365314538680E+001   0.2193542858442765E+002   0.0000000000000000E+000                         1                        30                         0                       -30
  0.3627302860378833E+001   0.2267533618630015E+002   0.0000000000000000E+000                         1                        29                         0                       -29
  0.3444860659327800E+001   0.2346679205074000E+002   0.0000000000000000E+000                         1                        28                         0                       -28
  0.3260334733039112E+001   0.2431549991332490E+002   0.0000000000000000E+000                         1                        27                         0                       -27
  0.3085891953419214E+001   0.2522775383836779E+002   0.0000000000000000E+000                         1                        26                         0                       -26
  0.2910641384362530E+001   0.2620989581111754E+002   0.0000000000000000E+000                         1                        25                         0                       -25
  0.2746791509025008E+001   0.2727178347294646E+002   0.0000000000000000E+000                         1                        24                         0                       -24
  0.2589189506369308E+001   0.2842255544250794E+002   0.0000000000000000E+000                         1                        23                         0                       -23
  0.2428900752413112E+001   0.2967402313264730E+002   0.0000000000000000E+000                         1                        22                         0                       -22
  0.2271779464329847E+001   0.3103931124672416E+002   0.0000000000000000E+000                         1                        21                         0                       -21
  0.2124835823835261E+001   0.3253344830226204E+002   0.0000000000000000E+000                         1                        20                         0                       -20
  0.1985015138935518E+001   0.3417602147644459E+002   0.0000000000000000E+000                         1                        19                         0                       -19
  0.1851819608098326E+001   0.3599255160840506E+002   0.0000000000000000E+000                         1                        18                         0                       -18
  0.1714306374597658E+001   0.3800877145064575E+002   0.0000000000000000E+000                         1                        17                         0                       -17
  0.1584673830072906E+001   0.4025575481873138E+002   0.0000000000000000E+000                         1                        16                         0                       -16
  0.1475446433042204E+001   0.4277613886095766E+002   0.0000000000000000E+000                         1                        15                         0                       -15
  0.1363053666078007E+001   0.4562926695750184E+002   0.0000000000000000E+000                         1                        14                         0                       -14
  0.1260882640671982E+001   0.4887297615845493E+002   0.0000000000000000E+000                         1                        13                         0                       -13
  0.1157157889917732E+001   0.5259554765988892E+002   0.0000000000000000E+000                         1                        12                         0                       -12
