                                                                                                                                                                                                                                                                



                        1                         2                         3                         4                         5                         6                         7
                   E_norm                  Re(freq)                  Im(freq)                         l                       n_g                       n_p                      n_pg
  0.3330868821830669E-004   0.8255913173171539E+003   0.0000000000000000E+000                         0                         0                         5                         5
  0.1280244554241151E-004   0.9730065224733272E+003   0.0000000000000000E+000                         0                         0                         6                         6
  0.5430848120616892E-005   0.1118503812800073E+004   0.0000000000000000E+000                         0                         0                         7                         7
  0.2341128975646728E-005   0.1263987287264091E+004   0.0000000000000000E+000                         0                         0                         8                         8
  0.1037760890618798E-005   0.1408089130919769E+004   0.0000000000000000E+000                         0                         0                         9                         9
  0.4645211878277085E-006   0.1549021434085718E+004   0.0000000000000000E+000                         0                         0                        10                        10
  0.2234051015031657E-006   0.1687365512262498E+004   0.0000000000000000E+000                         0                         0                        11                        11
  0.1227495904780301E-006   0.1822902269446972E+004   0.0000000000000000E+000                         0                         0                        12                        12
  0.7518182494732141E-007   0.1958353633949605E+004   0.0000000000000000E+000                         0                         0                        13                        13
  0.4930714195788742E-007   0.2094564605131260E+004   0.0000000000000000E+000                         0                         0                        14                        14
  0.3319222466620959E-007   0.2230135854500008E+004   0.0000000000000000E+000                         0                         0                        15                        15
  0.2334755798064605E-007   0.2364972776344662E+004   0.0000000000000000E+000                         0                         0                        16                        16
  0.1791310873090357E-007   0.2499017199747048E+004   0.0000000000000000E+000                         0                         0                        17                        17
  0.1478000139553376E-007   0.2633355706004870E+004   0.0000000000000000E+000                         0                         0                        18                        18
  0.1279466776896525E-007   0.2768864665202048E+004   0.0000000000000000E+000                         0                         0                        19                        19
  0.1133182611501799E-007   0.2904711119495585E+004   0.0000000000000000E+000                         0                         0                        20                        20
  0.1017551674604811E-007   0.3040835898716991E+004   0.0000000000000000E+000                         0                         0                        21                        21
  0.9414363813496502E-008   0.3177091255680077E+004   0.0000000000000000E+000                         0                         0                        22                        22
  0.8945459827225279E-008   0.3313422044736106E+004   0.0000000000000000E+000                         0                         0                        23                        23
  0.8685816850970251E-008   0.3450395438880619E+004   0.0000000000000000E+000                         0                         0                        24                        24
  0.8576878293840566E-008   0.3587630947565263E+004   0.0000000000000000E+000                         0                         0                        25                        25
  0.8532885243662150E-008   0.3725144155635661E+004   0.0000000000000000E+000                         0                         0                        26                        26
  0.8593365235119806E-008   0.3862984039655554E+004   0.0000000000000000E+000                         0                         0                        27                        27
  0.8730572354408213E-008   0.4000828409778718E+004   0.0000000000000000E+000                         0                         0                        28                        28
  0.8935021274588903E-008   0.4138918928007306E+004   0.0000000000000000E+000                         0                         0                        29                        29
  0.9260411961165525E-008   0.4277003739837698E+004   0.0000000000000000E+000                         0                         0                        30                        30
  0.9683111757181539E-008   0.4415035316134498E+004   0.0000000000000000E+000                         0                         0                        31                        31
  0.1344024023427664E+001   0.8345460086099971E+003   0.0000000000000000E+000                         1                        16                         5                       -11
  0.2917349648083072E+000   0.9607379029992219E+003   0.0000000000000000E+000                         1                        14                         6                        -8
  0.4400231964092505E-001   0.1132782932000853E+004   0.0000000000000000E+000                         1                        12                         7                        -5
  0.3679040648546775E-005   0.1186046916461399E+004   0.0000000000000000E+000                         1                        11                         7                        -4
  0.1722089041975745E-001   0.1243787077779917E+004   0.0000000000000000E+000                         1                        10                         8                        -2
  0.1615705238425360E-005   0.1330230717132591E+004   0.0000000000000000E+000                         1                         9                         8                        -1
  0.4684337226204161E-002   0.1379072824514004E+004   0.0000000000000000E+000                         1                        10                         9                        -1
  0.7095340286137280E-006   0.1473508168060484E+004   0.0000000000000000E+000                         1                         9                         9                         1
  0.1472303790626378E-002   0.1549149347394284E+004   0.0000000000000000E+000                         1                         7                         9                         3
  0.3280948965800136E-006   0.1613280419698526E+004   0.0000000000000000E+000                         1                         7                        10                         4
  0.1666923552776727E-006   0.1750008515315139E+004   0.0000000000000000E+000                         1                         7                        11                         5
  0.3630352433832324E-004   0.1764845714337275E+004   0.0000000000000000E+000                         1                         8                        10                         3
  0.9640574391244172E-007   0.1885933401877151E+004   0.0000000000000000E+000                         1                         7                        12                         6
  0.6167765290679578E-007   0.2021620890258851E+004   0.0000000000000000E+000                         1                         7                        13                         7
  0.2652738472246687E-004   0.2050562951685064E+004   0.0000000000000000E+000                         1                         5                        13                         9
  0.4065259972009620E-007   0.2158084540226365E+004   0.0000000000000000E+000                         1                         5                        14                        10
  0.2790352557991819E-007   0.2293680861481774E+004   0.0000000000000000E+000                         1                         5                        15                        11
  0.2046006908368573E-007   0.2427887648767882E+004   0.0000000000000000E+000                         1                         5                        16                        12
  0.3784201575458729E-005   0.2452200623957313E+004   0.0000000000000000E+000                         1                         5                        16                        12
  0.1618063847669716E-007   0.2562510850405813E+004   0.0000000000000000E+000                         1                         5                        17                        13
  0.1376120737100082E-007   0.2697487150441395E+004   0.0000000000000000E+000                         1                         5                        18                        14
  0.1202297652773149E-007   0.2833318392331285E+004   0.0000000000000000E+000                         1                         5                        19                        15
  0.1073629037937217E-007   0.2969630045484370E+004   0.0000000000000000E+000                         1                         5                        20                        16
  0.3342698561234584E-005   0.3042279998558944E+004   0.0000000000000000E+000                         1                         3                        20                        18
  0.9779955164181332E-008   0.3105973272997802E+004   0.0000000000000000E+000                         1                         3                        21                        19
  0.9134255924747029E-008   0.3242414608827426E+004   0.0000000000000000E+000                         1                         3                        22                        20
  0.8803036505223126E-008   0.3379195803425509E+004   0.0000000000000000E+000                         1                         3                        23                        21
  0.8610271399296161E-008   0.3516317082568810E+004   0.0000000000000000E+000                         1                         3                        24                        22
  0.8534959531463016E-008   0.3653931985564991E+004   0.0000000000000000E+000                         1                         3                        25                        23
  0.8557093041833159E-008   0.3791589822951126E+004   0.0000000000000000E+000                         1                         3                        26                        24
  0.8656145635416446E-008   0.3929431956385934E+004   0.0000000000000000E+000                         1                         3                        27                        25
  0.1117146288711424E-005   0.4006242514889060E+004   0.0000000000000000E+000                         1                         3                        27                        25
  0.8855951820378894E-008   0.4067995228644846E+004   0.0000000000000000E+000                         1                         3                        28                        26
  0.9076888862149301E-008   0.4205908656411824E+004   0.0000000000000000E+000                         1                         3                        29                        27
  0.9439979184831579E-008   0.4344122009497655E+004   0.0000000000000000E+000                         1                         3                        30                        28
  0.9955268297975404E-008   0.4482187005429124E+004   0.0000000000000000E+000                         1                         3                        31                        29
  0.3603103369243831E-004   0.8121001608889615E+003   0.0000000000000000E+000                         2                        26                         4                       -22
  0.1098281393538037E+002   0.8300044409381544E+003   0.0000000000000000E+000                         2                        25                         4                       -21
  0.4975804418207790E+002   0.8626496622399018E+003   0.0000000000000000E+000                         2                        24                         4                       -20
  0.4773475085836719E+002   0.8978474791730225E+003   0.0000000000000000E+000                         2                        23                         4                       -19
  0.9137526562316605E+001   0.9361758729768507E+003   0.0000000000000000E+000                         2                        22                         4                       -18
  0.1387226094556278E-004   0.9602008705365108E+003   0.0000000000000000E+000                         2                        22                         5                       -17
  0.3767195483724143E+001   0.9778648889053621E+003   0.0000000000000000E+000                         2                        21                         5                       -16
  0.1859916326364908E+002   0.1023515897094558E+004   0.0000000000000000E+000                         2                        20                         5                       -15
  0.5562655515048632E+001   0.1073325308355599E+004   0.0000000000000000E+000                         2                        19                         5                       -14
  0.5844734597605497E-005   0.1105599656059593E+004   0.0000000000000000E+000                         2                        19                         6                       -13
  0.2041207129737413E+001   0.1128608113194962E+004   0.0000000000000000E+000                         2                        18                         6                       -12
  0.5424912786855524E+001   0.1189879620730364E+004   0.0000000000000000E+000                         2                        17                         6                       -11
  0.2519351422816585E-005   0.1251262642919449E+004   0.0000000000000000E+000                         2                        17                         7                       -10
  0.6931935125058096E-001   0.1257802530384168E+004   0.0000000000000000E+000                         2                        16                         7                        -9
  0.1818813350689595E+001   0.1334209404044008E+004   0.0000000000000000E+000                         2                        15                         7                        -8
  0.1118017912117057E-005   0.1395254069188306E+004   0.0000000000000000E+000                         2                        15                         8                        -7
  0.2853808201659958E+000   0.1420962003953337E+004   0.0000000000000000E+000                         2                        14                         8                        -6
  0.6923651231328105E-001   0.1519049027275130E+004   0.0000000000000000E+000                         2                        13                         8                        -5
  0.4971331490073452E-006   0.1536571828144086E+004   0.0000000000000000E+000                         2                        13                         9                        -4
  0.1440598077182242E+000   0.1631998382203830E+004   0.0000000000000000E+000                         2                        12                         9                        -3
  0.2372126447399599E-006   0.1675288233025405E+004   0.0000000000000000E+000                         2                        12                        10                        -2
  0.6795260012724151E-001   0.1763315491513767E+004   0.0000000000000000E+000                         2                        11                        10                        -1
  0.1284593440183307E-006   0.1811041558237599E+004   0.0000000000000000E+000                         2                        11                        11                         0
  0.1374735671565642E-001   0.1918175856658764E+004   0.0000000000000000E+000                         2                        10                        11                         1
  0.7793080480196180E-007   0.1946795359655572E+004   0.0000000000000000E+000                         2                        10                        12                         2
  0.5094763468159982E-007   0.2083191549956769E+004   0.0000000000000000E+000                         2                        10                        13                         3
  0.2705306635728297E-002   0.2102016330100244E+004   0.0000000000000000E+000                         2                         9                        13                         4
  0.3413016585303550E-007   0.2219150622129192E+004   0.0000000000000000E+000                         2                         9                        14                         5
  0.2375917848165943E-002   0.2324734941940328E+004   0.0000000000000000E+000                         2                         8                        14                         6
  0.2387949302186763E-007   0.2354452390482732E+004   0.0000000000000000E+000                         2                         8                        15                         7
  0.1818399033623127E-007   0.2488784783747031E+004   0.0000000000000000E+000                         2                         8                        16                         8
  0.4904782124558797E-003   0.2602911081924751E+004   0.0000000000000000E+000                         2                         7                        16                         9
  0.1491448330434280E-007   0.2623448525314704E+004   0.0000000000000000E+000                         2                         7                        17                        10
  0.1288789507649691E-007   0.2759231673783273E+004   0.0000000000000000E+000                         2                         7                        18                        11
  0.1139133856235537E-007   0.2895368238994513E+004   0.0000000000000000E+000                         2                         7                        19                        12
  0.1025130960797465E-002   0.2955115615116968E+004   0.0000000000000000E+000                         2                         6                        19                        13
  0.1021378538486960E-007   0.3031863020422909E+004   0.0000000000000000E+000                         2                         6                        20                        14
  0.9433645556566554E-008   0.3168405767683229E+004   0.0000000000000000E+000                         2                         6                        21                        15
  0.8943844494987650E-008   0.3305038926167927E+004   0.0000000000000000E+000                         2                         6                        22                        16
  0.1714399459132028E-003   0.3414793275942755E+004   0.0000000000000000E+000                         2                         5                        22                        17
  0.8679459070294270E-008   0.3442303762788840E+004   0.0000000000000000E+000                         2                         5                        23                        18
  0.8563284460090924E-008   0.3579788777274859E+004   0.0000000000000000E+000                         2                         5                        24                        19
  0.8514376148953308E-008   0.3717589668138327E+004   0.0000000000000000E+000                         2                         5                        25                        20
  0.8573893536993049E-008   0.3855672724079686E+004   0.0000000000000000E+000                         2                         5                        26                        21
  0.8704806912984152E-008   0.3993760262152798E+004   0.0000000000000000E+000                         2                         5                        27                        22
  0.2422080124858320E-003   0.4053904785283616E+004   0.0000000000000000E+000                         2                         4                        27                        23
  0.8907908756438492E-008   0.4132102527872496E+004   0.0000000000000000E+000                         2                         4                        28                        24
  0.9228227183916526E-008   0.4270399589904416E+004   0.0000000000000000E+000                         2                         4                        29                        25
  0.9644137362916569E-008   0.4408663814795835E+004   0.0000000000000000E+000                         2                         4                        30                        26
  0.2776843231166724E+005   0.8014316442844731E+003   0.0000000000000000E+000                         3                        37                         3                       -34
  0.1753147302135014E+005   0.8226911796054733E+003   0.0000000000000000E+000                         3                        36                         3                       -33
  0.5061109349482596E+004   0.8450988344200232E+003   0.0000000000000000E+000                         3                        36                         4                       -32
  0.5817875222534770E+004   0.8938249673167093E+003   0.0000000000000000E+000                         3                        33                         4                       -29
  0.1460134103255786E+005   0.9203609829306873E+003   0.0000000000000000E+000                         3                        32                         4                       -28
  0.1512035762563618E+005   0.9485158130383645E+003   0.0000000000000000E+000                         3                        31                         4                       -27
  0.6557713571372558E+004   0.9784961840707419E+003   0.0000000000000000E+000                         3                        30                         4                       -26
  0.1219609559237854E+003   0.1010360400051570E+004   0.0000000000000000E+000                         3                        30                         5                       -25
  0.9783911179626768E-005   0.1015320191293396E+004   0.0000000000000000E+000                         3                        29                         5                       -24
  0.3012603710035162E+004   0.1044466027717016E+004   0.0000000000000000E+000                         3                        28                         5                       -23
  0.6915333914395708E+004   0.1080902241616232E+004   0.0000000000000000E+000                         3                        27                         5                       -22
  0.3430184839636868E+004   0.1119904201972812E+004   0.0000000000000000E+000                         3                        26                         5                       -21
  0.2115996013873634E+004   0.1207237281851583E+004   0.0000000000000000E+000                         3                        24                         6                       -18
  0.1790058525978546E+004   0.1256083383548633E+004   0.0000000000000000E+000                         3                        23                         6                       -17
  0.1827240455250339E-005   0.1307296156617882E+004   0.0000000000000000E+000                         3                        23                         7                       -16
  0.2410365222391596E+001   0.1309117557449113E+004   0.0000000000000000E+000                         3                        22                         7                       -15
  0.9583306773006511E+003   0.1366819222319576E+004   0.0000000000000000E+000                         3                        21                         7                       -14
  0.1365207052281077E+003   0.1429938341771660E+004   0.0000000000000000E+000                         3                        20                         7                       -13
  0.8031523424429492E-006   0.1451553252135926E+004   0.0000000000000000E+000                         3                        20                         8                       -12
  0.2946324013629380E+003   0.1498845109204792E+004   0.0000000000000000E+000                         3                        19                         8                       -11
  0.3163300600018835E+002   0.1574960881836803E+004   0.0000000000000000E+000                         3                        19                         9                       -10
  0.3662990387036507E-006   0.1592066352937107E+004   0.0000000000000000E+000                         3                        18                         9                        -9
  0.1238011939780598E+003   0.1659433504937625E+004   0.0000000000000000E+000                         3                        17                         9                        -8
  0.1813086884997492E-006   0.1729848973690832E+004   0.0000000000000000E+000                         3                        17                        10                        -7
  0.1769940897606437E+002   0.1753077154200889E+004   0.0000000000000000E+000                         3                        16                        10                        -6
  0.1315358946943441E+001   0.1857809144343941E+004   0.0000000000000000E+000                         3                        16                        11                        -5
  0.1034960873110320E-006   0.1866023915265659E+004   0.0000000000000000E+000                         3                        15                        11                        -4
  0.6104206361350069E+001   0.1976787392545602E+004   0.0000000000000000E+000                         3                        14                        11                        -3
  0.6516484859952114E-007   0.2002067012608238E+004   0.0000000000000000E+000                         3                        14                        12                        -2
  0.3898359264470260E+001   0.2111156674800186E+004   0.0000000000000000E+000                         3                        13                        12                        -1
  0.4287793858904624E-007   0.2139009560038972E+004   0.0000000000000000E+000                         3                        13                        13                         0
  0.2744763673744627E+000   0.2265305607570057E+004   0.0000000000000000E+000                         3                        13                        14                         1
  0.2922462761322211E-007   0.2275090708493737E+004   0.0000000000000000E+000                         3                        12                        14                         2
  0.2103635783444606E-007   0.2410029081781445E+004   0.0000000000000000E+000                         3                        12                        15                         3
  0.1378579430777560E+001   0.2444134658777270E+004   0.0000000000000000E+000                         3                        11                        15                         4
  0.1655081235855275E-007   0.2544926236393599E+004   0.0000000000000000E+000                         3                        11                        16                         5
  0.4615669532418968E+000   0.2654247538881563E+004   0.0000000000000000E+000                         3                        10                        16                         6
  0.1396533969961048E-007   0.2680203702075392E+004   0.0000000000000000E+000                         3                        10                        17                         7
  0.1216173498970699E-007   0.2816523547918636E+004   0.0000000000000000E+000                         3                        10                        18                         8
  0.6726486191880775E+000   0.2903355862636298E+004   0.0000000000000000E+000                         3                         9                        18                         9
  0.1083208979523146E-007   0.2953291247759750E+004   0.0000000000000000E+000                         3                         9                        19                        10
  0.9821334966317836E-008   0.3089933374262670E+004   0.0000000000000000E+000                         3                         9                        20                        11
  0.1163825166758269E+000   0.3203430729587682E+004   0.0000000000000000E+000                         3                         8                        20                        12
  0.9158863120791662E-008   0.3226910561164501E+004   0.0000000000000000E+000                         3                         8                        21                        13
  0.8802580405399486E-008   0.3364061773034626E+004   0.0000000000000000E+000                         3                         8                        22                        14
  0.8592304788289736E-008   0.3501641952951978E+004   0.0000000000000000E+000                         3                         8                        23                        15
  0.2495621029177404E+000   0.3575345279060989E+004   0.0000000000000000E+000                         3                         7                        23                        16
  0.8513702275308222E-008   0.3639673359550181E+004   0.0000000000000000E+000                         3                         7                        24                        17
  0.8520655365203036E-008   0.3777755013306487E+004   0.0000000000000000E+000                         3                         7                        25                        18
  0.8595595706763727E-008   0.3916161923013610E+004   0.0000000000000000E+000                         3                         7                        26                        19
  0.5605210369271825E-002   0.4046068336255728E+004   0.0000000000000000E+000                         3                         7                        27                        20
  0.8776058670589968E-008   0.4054649708079311E+004   0.0000000000000000E+000                         3                         6                        27                        21
  0.9017246178091615E-008   0.4193139758367038E+004   0.0000000000000000E+000                         3                         6                        28                        22
  0.9377637587239027E-008   0.4331767132152715E+004   0.0000000000000000E+000                         3                         6                        29                        23
  0.9876794535813845E-008   0.4470200414244528E+004   0.0000000000000000E+000                         3                         6                        30                        24
