                                                                                                                                                                                                                                                                



                        1                         2                         3                         4                         5                         6                         7
                   E_norm                  Re(freq)                  Im(freq)                         l                       n_g                       n_p                      n_pg
  0.3302230040891181E-004   0.8254291820698216E+003   0.0000000000000000E+000                         0                         0                         5                         5
  0.1270291476348635E-004   0.9728199591610240E+003   0.0000000000000000E+000                         0                         0                         6                         6
  0.5391689206792743E-005   0.1118256397957402E+004   0.0000000000000000E+000                         0                         0                         7                         7
  0.2326177449987069E-005   0.1263735155377040E+004   0.0000000000000000E+000                         0                         0                         8                         8
  0.1032452016464929E-005   0.1407809281524760E+004   0.0000000000000000E+000                         0                         0                         9                         9
  0.4622908302972812E-006   0.1548743461342266E+004   0.0000000000000000E+000                         0                         0                        10                        10
  0.2224088495288616E-006   0.1687087078098542E+004   0.0000000000000000E+000                         0                         0                        11                        11
  0.1222044984011143E-006   0.1822596266008542E+004   0.0000000000000000E+000                         0                         0                        12                        12
  0.7489067331114799E-007   0.1958034777651934E+004   0.0000000000000000E+000                         0                         0                        13                        13
  0.4917355115442297E-007   0.2094227122720333E+004   0.0000000000000000E+000                         0                         0                        14                        14
  0.3312162081272129E-007   0.2229803166637621E+004   0.0000000000000000E+000                         0                         0                        15                        15
  0.2330513931166279E-007   0.2364651655417073E+004   0.0000000000000000E+000                         0                         0                        16                        16
  0.1788074945379911E-007   0.2498682886009098E+004   0.0000000000000000E+000                         0                         0                        17                        17
  0.1475589226397533E-007   0.2633014875691672E+004   0.0000000000000000E+000                         0                         0                        18                        18
  0.1278369706956025E-007   0.2768514459221256E+004   0.0000000000000000E+000                         0                         0                        19                        19
  0.1132746614685537E-007   0.2904363014597228E+004   0.0000000000000000E+000                         0                         0                        20                        20
  0.1017408731022214E-007   0.3040500260008813E+004   0.0000000000000000E+000                         0                         0                        21                        21
  0.9414027415569026E-008   0.3176755515895347E+004   0.0000000000000000E+000                         0                         0                        22                        22
  0.8943694576486628E-008   0.3313088763337809E+004   0.0000000000000000E+000                         0                         0                        23                        23
  0.8685121328327333E-008   0.3450057465684635E+004   0.0000000000000000E+000                         0                         0                        24                        24
  0.8577867091611323E-008   0.3587291819218179E+004   0.0000000000000000E+000                         0                         0                        25                        25
  0.8534420703844738E-008   0.3724806305145281E+004   0.0000000000000000E+000                         0                         0                        26                        26
  0.8595851437573402E-008   0.3862645066936198E+004   0.0000000000000000E+000                         0                         0                        27                        27
  0.8732886750860449E-008   0.4000495358535037E+004   0.0000000000000000E+000                         0                         0                        28                        28
  0.8936912862046778E-008   0.4138581907943914E+004   0.0000000000000000E+000                         0                         0                        29                        29
  0.9261901289289213E-008   0.4276672404240147E+004   0.0000000000000000E+000                         0                         0                        30                        30
  0.9686170902886721E-008   0.4414706310879672E+004   0.0000000000000000E+000                         0                         0                        31                        31
  0.4118213776280708E+001   0.8129841925649197E+003   0.0000000000000000E+000                         1                        24                         4                       -20
  0.1546843313960171E+001   0.8513450343195921E+003   0.0000000000000000E+000                         1                        22                         5                       -17
  0.5782183099614490E+000   0.9400388852164990E+003   0.0000000000000000E+000                         1                        20                         4                       -16
  0.3426544079369436E+000   0.9916246176478222E+003   0.0000000000000000E+000                         1                        19                         6                       -13
  0.8463285880490691E-005   0.1039730948614193E+004   0.0000000000000000E+000                         1                        17                         6                       -11
  0.1063774784967149E-001   0.1049157523302307E+004   0.0000000000000000E+000                         1                        18                         5                       -13
  0.1407762702791666E+000   0.1113831381995850E+004   0.0000000000000000E+000                         1                        17                         7                       -10
  0.3198864918790061E-001   0.1270048591342225E+004   0.0000000000000000E+000                         1                        15                         8                        -7
  0.1606087013360423E-005   0.1329964092033571E+004   0.0000000000000000E+000                         1                        13                         8                        -5
  0.7764115163803041E-002   0.1365660793387983E+004   0.0000000000000000E+000                         1                        15                         8                        -7
  0.7181762069743444E-006   0.1473183929077376E+004   0.0000000000000000E+000                         1                        13                         9                        -4
  0.4409468391389878E-004   0.1477025037439961E+004   0.0000000000000000E+000                         1                        13                         8                        -5
  0.2349997953209186E-004   0.1608449190299943E+004   0.0000000000000000E+000                         1                        11                         9                        -2
  0.3314786465716754E-006   0.1613060821150524E+004   0.0000000000000000E+000                         1                        11                        10                        -1
  0.1654363539178059E-006   0.1749764388362528E+004   0.0000000000000000E+000                         1                        11                        11                         1
  0.9816024905819268E-004   0.1766091653777798E+004   0.0000000000000000E+000                         1                        11                        10                        -1
  0.9600977483952608E-007   0.1885619631030791E+004   0.0000000000000000E+000                         1                         9                        12                         4
  0.2455055396435044E-003   0.1958577398410800E+004   0.0000000000000000E+000                         1                         9                        12                         4
  0.6134745588283725E-007   0.2021347410728532E+004   0.0000000000000000E+000                         1                         9                        13                         5
  0.4057505088769487E-007   0.2157726766369348E+004   0.0000000000000000E+000                         1                         9                        14                         6
  0.5283106160236920E-004   0.2197967635608399E+004   0.0000000000000000E+000                         1                         8                        14                         7
  0.2785237262455850E-007   0.2293364638354585E+004   0.0000000000000000E+000                         1                         7                        15                         9
  0.2032293043060126E-007   0.2427661124100285E+004   0.0000000000000000E+000                         1                         7                        16                        10
  0.2466731311905762E-004   0.2504580608302803E+004   0.0000000000000000E+000                         1                         7                        16                        10
  0.1615587794122866E-007   0.2562173342113220E+004   0.0000000000000000E+000                         1                         7                        17                        11
  0.1374291602633210E-007   0.2697130522266034E+004   0.0000000000000000E+000                         1                         7                        18                        12
  0.1201777153752541E-007   0.2832957882543613E+004   0.0000000000000000E+000                         1                         7                        19                        13
  0.9558333759627746E-005   0.2911096919443583E+004   0.0000000000000000E+000                         1                         6                        19                        14
  0.1072923324862103E-007   0.2969384716521871E+004   0.0000000000000000E+000                         1                         5                        20                        16
  0.9766082302172181E-008   0.3105536289018452E+004   0.0000000000000000E+000                         1                         5                        21                        17
  0.9132699057355486E-008   0.3242031210502326E+004   0.0000000000000000E+000                         1                         5                        22                        18
  0.8806046413060245E-008   0.3378792293727394E+004   0.0000000000000000E+000                         1                         5                        23                        19
  0.3027983106484248E-005   0.3472726076454067E+004   0.0000000000000000E+000                         1                         5                        23                        19
  0.8628025425046281E-008   0.3516053653263208E+004   0.0000000000000000E+000                         1                         5                        24                        20
  0.8536414802207505E-008   0.3653604667825224E+004   0.0000000000000000E+000                         1                         5                        25                        21
  0.8556677887150090E-008   0.3791280187430626E+004   0.0000000000000000E+000                         1                         5                        26                        22
  0.8637076094525194E-008   0.3929234300238528E+004   0.0000000000000000E+000                         1                         5                        27                        23
  0.8823224165399423E-008   0.4067338991012049E+004   0.0000000000000000E+000                         1                         5                        28                        24
  0.9085449883970134E-008   0.4205372790177246E+004   0.0000000000000000E+000                         1                         5                        29                        25
  0.1412307274270199E-005   0.4303603930306660E+004   0.0000000000000000E+000                         1                         4                        29                        26
  0.9490740604908556E-008   0.4343900930137399E+004   0.0000000000000000E+000                         1                         3                        30                        28
  0.9959837794958110E-008   0.4481826400701776E+004   0.0000000000000000E+000                         1                         3                        31                        29
  0.5640019297984097E+002   0.8342524376930813E+003   0.0000000000000000E+000                         2                        36                         4                       -32
  0.1558641585117395E+003   0.8571305297822740E+003   0.0000000000000000E+000                         2                        35                         4                       -31
  0.1950953071373065E+003   0.8812956656231627E+003   0.0000000000000000E+000                         2                        34                         4                       -30
  0.1340719700699883E+003   0.9068693694669048E+003   0.0000000000000000E+000                         2                        33                         4                       -29
  0.3709655115781188E+002   0.9339726494996230E+003   0.0000000000000000E+000                         2                        32                         4                       -28
  0.3611518008707694E+002   0.9933341499303496E+003   0.0000000000000000E+000                         2                        30                         5                       -25
  0.6360468070146491E+002   0.1025927634949799E+004   0.0000000000000000E+000                         2                        29                         5                       -24
  0.3391958404678785E+002   0.1060744250388610E+004   0.0000000000000000E+000                         2                        28                         5                       -23
  0.9550803500853743E+000   0.1098009297520807E+004   0.0000000000000000E+000                         2                        28                         6                       -22
  0.5801716330232851E-005   0.1105362763055825E+004   0.0000000000000000E+000                         2                        27                         6                       -21
  0.1197070602673261E+002   0.1138007627486246E+004   0.0000000000000000E+000                         2                        26                         6                       -20
  0.2074111349501951E+002   0.1181032046709891E+004   0.0000000000000000E+000                         2                        25                         6                       -19
  0.3491365094207651E+001   0.1227480142274980E+004   0.0000000000000000E+000                         2                        24                         6                       -18
  0.2503246032995004E-005   0.1251012311004867E+004   0.0000000000000000E+000                         2                        24                         7                       -17
  0.3011945401562783E+001   0.1277748838259569E+004   0.0000000000000000E+000                         2                        23                         7                       -16
  0.6348901286672691E+001   0.1332335461712390E+004   0.0000000000000000E+000                         2                        22                         7                       -15
  0.2070857321436052E-001   0.1391762771675752E+004   0.0000000000000000E+000                         2                        22                         8                       -14
  0.1112344608652406E-005   0.1394964932081610E+004   0.0000000000000000E+000                         2                        21                         8                       -13
  0.2427329669202750E+001   0.1456695606594662E+004   0.0000000000000000E+000                         2                        20                         8                       -12
  0.5047040139230969E-001   0.1527990853016124E+004   0.0000000000000000E+000                         2                        20                         9                       -11
  0.4947855442012364E-006   0.1536284115702976E+004   0.0000000000000000E+000                         2                        19                         9                       -10
  0.8304227947664347E+000   0.1606531810372710E+004   0.0000000000000000E+000                         2                        18                         9                        -9
  0.2361900156862350E-006   0.1674992370895742E+004   0.0000000000000000E+000                         2                        18                        10                        -8
  0.7678324189449803E-001   0.1693570543698052E+004   0.0000000000000000E+000                         2                        17                        10                        -7
  0.4925294086265568E-001   0.1790591818252078E+004   0.0000000000000000E+000                         2                        16                        10                        -6
  0.1278926699243914E-006   0.1810719210911873E+004   0.0000000000000000E+000                         2                        16                        11                        -5
  0.1056454456798249E+000   0.1899385623527213E+004   0.0000000000000000E+000                         2                        15                        11                        -4
  0.7763250660607957E-007   0.1946455988312136E+004   0.0000000000000000E+000                         2                        15                        12                        -3
  0.7218270822393506E-001   0.2022104887719772E+004   0.0000000000000000E+000                         2                        14                        12                        -2
  0.5080842785519850E-007   0.2082827116120161E+004   0.0000000000000000E+000                         2                        14                        13                        -1
  0.3685355438425281E-001   0.2161492811662698E+004   0.0000000000000000E+000                         2                        13                        13                         0
  0.3405921968662166E-007   0.2218789808835478E+004   0.0000000000000000E+000                         2                        13                        14                         1
  0.9450417995162308E-002   0.2321467430198416E+004   0.0000000000000000E+000                         2                        12                        14                         2
  0.2383931700705749E-007   0.2354097943255208E+004   0.0000000000000000E+000                         2                        12                        15                         3
  0.1815231068050233E-007   0.2488415930408487E+004   0.0000000000000000E+000                         2                        12                        16                         4
  0.1784231868471541E-002   0.2506838083675450E+004   0.0000000000000000E+000                         2                        11                        16                         5
  0.1489053546189834E-007   0.2623070228098950E+004   0.0000000000000000E+000                         2                        11                        17                         6
  0.2854463633184912E-002   0.2725273359539455E+004   0.0000000000000000E+000                         2                        10                        17                         7
  0.1287714530068952E-007   0.2758838399498404E+004   0.0000000000000000E+000                         2                        10                        18                         8
  0.1138708189430296E-007   0.2894974196554602E+004   0.0000000000000000E+000                         2                        10                        19                         9
  0.2481347871970068E-002   0.2986073202536908E+004   0.0000000000000000E+000                         2                         9                        19                        10
  0.1021311683477621E-007   0.3031475542713993E+004   0.0000000000000000E+000                         2                         9                        20                        11
  0.9433915743170483E-008   0.3168013574456197E+004   0.0000000000000000E+000                         2                         9                        21                        12
  0.2081287435857072E-005   0.3303210819697324E+004   0.0000000000000000E+000                         2                         9                        22                        13
  0.8983730673084780E-008   0.3304651590388731E+004   0.0000000000000000E+000                         2                         8                        22                        14
  0.8678954383960936E-008   0.3441897761948742E+004   0.0000000000000000E+000                         2                         8                        23                        15
  0.8564592988446271E-008   0.3579377547446432E+004   0.0000000000000000E+000                         2                         8                        24                        16
  0.2657402945011026E-003   0.3695522305552940E+004   0.0000000000000000E+000                         2                         7                        24                        17
  0.8516527947024893E-008   0.3717174475108398E+004   0.0000000000000000E+000                         2                         7                        25                        18
  0.8576668623213495E-008   0.3855251019555910E+004   0.0000000000000000E+000                         2                         7                        26                        19
  0.8707262202898451E-008   0.3993338930853690E+004   0.0000000000000000E+000                         2                         7                        27                        20
  0.8909933631234756E-008   0.4131668575486168E+004   0.0000000000000000E+000                         2                         7                        28                        21
  0.7456335194882224E-003   0.4194884143286497E+004   0.0000000000000000E+000                         2                         6                        28                        22
  0.9230535183921828E-008   0.4269967023040163E+004   0.0000000000000000E+000                         2                         6                        29                        23
  0.9647405821427969E-008   0.4408225846837148E+004   0.0000000000000000E+000                         2                         6                        30                        24
  0.1340584019586850E+006   0.8074672543148093E+003   0.0000000000000000E+000                         3                        53                         3                       -50
  0.9233914282206533E+005   0.8224952182306066E+003   0.0000000000000000E+000                         3                        52                         3                       -49
  0.4374989441310175E+005   0.8380929309917929E+003   0.0000000000000000E+000                         3                        51                         3                       -48
  0.8825601223526222E+004   0.8542932746500597E+003   0.0000000000000000E+000                         3                        51                         4                       -47
  0.2478292369780844E-004   0.8670347456875036E+003   0.0000000000000000E+000                         3                        50                         4                       -46
  0.8699365480868344E+003   0.8711334147215944E+003   0.0000000000000000E+000                         3                        49                         4                       -45
  0.2096851991850487E+005   0.8886507943199193E+003   0.0000000000000000E+000                         3                        48                         4                       -44
  0.5474672462430195E+005   0.9068872159079741E+003   0.0000000000000000E+000                         3                        47                         4                       -43
  0.8006537409689986E+005   0.9258872980953795E+003   0.0000000000000000E+000                         3                        46                         4                       -42
  0.7946557398040647E+005   0.9457017450571602E+003   0.0000000000000000E+000                         3                        45                         4                       -41
  0.5312322969933055E+005   0.9663831383014424E+003   0.0000000000000000E+000                         3                        44                         4                       -40
  0.1887050245263764E+005   0.9879921120851300E+003   0.0000000000000000E+000                         3                        43                         4                       -39
  0.5200313495073714E+003   0.1010594618497591E+004   0.0000000000000000E+000                         3                        43                         5                       -38
  0.9705377848407106E-005   0.1015164992851179E+004   0.0000000000000000E+000                         3                        42                         5                       -37
  0.7473342441648267E+004   0.1034258164414764E+004   0.0000000000000000E+000                         3                        41                         5                       -36
  0.2648582551523680E+005   0.1059062321836193E+004   0.0000000000000000E+000                         3                        40                         5                       -35
  0.3442595640928293E+005   0.1085088385889923E+004   0.0000000000000000E+000                         3                        39                         5                       -34
  0.2192754932861682E+005   0.1112430495739381E+004   0.0000000000000000E+000                         3                        38                         5                       -33
  0.4401975239893855E+004   0.1141183597417276E+004   0.0000000000000000E+000                         3                        37                         5                       -32
  0.4177224668744995E-005   0.1161839421484988E+004   0.0000000000000000E+000                         3                        37                         6                       -31
  0.8240727370772528E+003   0.1171463303662618E+004   0.0000000000000000E+000                         3                        36                         6                       -30
  0.9544769284105842E+004   0.1203389517947538E+004   0.0000000000000000E+000                         3                        35                         6                       -29
  0.1235770014867622E+005   0.1237096991981018E+004   0.0000000000000000E+000                         3                        34                         6                       -28
  0.4458535372720662E+004   0.1272757964507521E+004   0.0000000000000000E+000                         3                        33                         6                       -27
  0.1815952720082348E-005   0.1307051645241240E+004   0.0000000000000000E+000                         3                        33                         7                       -26
  0.4276051483897330E+002   0.1310533079456006E+004   0.0000000000000000E+000                         3                        32                         7                       -25
  0.3734321246963620E+004   0.1350620701020842E+004   0.0000000000000000E+000                         3                        31                         7                       -24
  0.3832638743670256E+004   0.1393210205081481E+004   0.0000000000000000E+000                         3                        30                         7                       -23
  0.2273562884037488E+003   0.1438565834624377E+004   0.0000000000000000E+000                         3                        30                         8                       -22
  0.7991775720128211E-006   0.1451294180807438E+004   0.0000000000000000E+000                         3                        29                         8                       -21
  0.1041776147542090E+004   0.1486981230582127E+004   0.0000000000000000E+000                         3                        28                         8                       -20
  0.1210881516423443E+004   0.1538779043388201E+004   0.0000000000000000E+000                         3                        27                         8                       -19
  0.3646084306256402E-006   0.1591789957302719E+004   0.0000000000000000E+000                         3                        27                         9                       -18
  0.3165737578526155E+001   0.1594357273428956E+004   0.0000000000000000E+000                         3                        26                         9                       -17
  0.6076849699658729E+003   0.1654106504737831E+004   0.0000000000000000E+000                         3                        25                         9                       -16
  0.2536192221445710E+002   0.1718564085088343E+004   0.0000000000000000E+000                         3                        25                        10                       -15
  0.1804786669072411E-006   0.1729570713183023E+004   0.0000000000000000E+000                         3                        24                        10                       -14
  0.2511026754265953E+003   0.1788277630548532E+004   0.0000000000000000E+000                         3                        23                        10                       -13
  0.1026379275205222E+003   0.1946104988596854E+004   0.0000000000000000E+000                         3                        21                        11                       -10
  0.6493418337763273E-007   0.2001729501590821E+004   0.0000000000000000E+000                         3                        21                        12                        -9
  0.3667120670206501E+002   0.2035855964525175E+004   0.0000000000000000E+000                         3                        20                        12                        -8
  0.4660582710200715E+000   0.2134304391000343E+004   0.0000000000000000E+000                         3                        20                        13                        -7
  0.4277666884287858E-007   0.2138664494883118E+004   0.0000000000000000E+000                         3                        19                        13                        -6
  0.1301985509795189E+002   0.2242737755472779E+004   0.0000000000000000E+000                         3                        18                        13                        -5
  0.2917222515191475E-007   0.2274740205724334E+004   0.0000000000000000E+000                         3                        18                        14                        -4
  0.1368543483819870E+002   0.2362777955438477E+004   0.0000000000000000E+000                         3                        17                        14                        -3
  0.2099713501811755E-007   0.2409685564321117E+004   0.0000000000000000E+000                         3                        17                        15                        -2
  0.8790593222496875E+001   0.2496402680406760E+004   0.0000000000000000E+000                         3                        16                        15                        -1
  0.1652370222320228E-007   0.2544564835612160E+004   0.0000000000000000E+000                         3                        16                        16                         0
  0.3526324135277783E+001   0.2645826062293508E+004   0.0000000000000000E+000                         3                        15                        16                         1
  0.1394628227113221E-007   0.2679823480961833E+004   0.0000000000000000E+000                         3                        15                        17                         2
  0.9182581277360508E-002   0.2814216854783557E+004   0.0000000000000000E+000                         3                        15                        18                         3
  0.1215409390514593E-007   0.2816139289828607E+004   0.0000000000000000E+000                         3                        14                        18                         4
  0.1083107448540484E-007   0.2952900905713810E+004   0.0000000000000000E+000                         3                        14                        19                         5
  0.2680376656783924E+001   0.3005200267240336E+004   0.0000000000000000E+000                         3                        13                        19                         6
  0.9820836540091429E-008   0.3089548761366778E+004   0.0000000000000000E+000                         3                        13                        20                         7
  0.7799536789634459E-002   0.3223810888360854E+004   0.0000000000000000E+000                         3                        13                        21                         8
  0.9158663057217251E-008   0.3226521858516759E+004   0.0000000000000000E+000                         3                        12                        21                         9
  0.8802237463371004E-008   0.3363663167085451E+004   0.0000000000000000E+000                         3                        12                        22                        10
  0.3998703539627347E+000   0.3476237538759055E+004   0.0000000000000000E+000                         3                        11                        22                        11
  0.8592136952439198E-008   0.3501236748626151E+004   0.0000000000000000E+000                         3                        11                        23                        12
  0.8515520728666294E-008   0.3639257789536061E+004   0.0000000000000000E+000                         3                        11                        24                        13
  0.1012678770105780E-001   0.3772761229423818E+004   0.0000000000000000E+000                         3                        11                        25                        14
  0.8522871217058721E-008   0.3777337162208556E+004   0.0000000000000000E+000                         3                        10                        25                        15
  0.8598668247945802E-008   0.3915734041320750E+004   0.0000000000000000E+000                         3                        10                        26                        16
  0.8778648178658433E-008   0.4054216494277066E+004   0.0000000000000000E+000                         3                        10                        27                        17
  0.6495474504336983E+000   0.4125831773026976E+004   0.0000000000000000E+000                         3                         9                        27                        18
  0.9021597901420968E-008   0.4192701716156374E+004   0.0000000000000000E+000                         3                         9                        28                        19
  0.9378483352835761E-008   0.4331318406945060E+004   0.0000000000000000E+000                         3                         9                        29                        20
  0.9879825682492716E-008   0.4469755260109024E+004   0.0000000000000000E+000                         3                         9                        30                        21
