                                                                                                                                                                                                                                                                



                        1                         2                         3                         4                         5                         6                         7
                   E_norm                  Re(freq)                  Im(freq)                         l                       n_g                       n_p                      n_pg
  0.2631042216541660E+002   0.1006161356497804E+002   0.0000000000000000E+000                         1                       130                         8                      -122
  0.2580964514968031E+002   0.1013491037334127E+002   0.0000000000000000E+000                         1                       128                         9                      -119
  0.2551982520258796E+002   0.1020898994491829E+002   0.0000000000000000E+000                         1                       128                         8                      -120
  0.2530158065311860E+002   0.1028451355324295E+002   0.0000000000000000E+000                         1                       126                         9                      -117
  0.2484449677064177E+002   0.1036093121173716E+002   0.0000000000000000E+000                         1                       127                         7                      -120
  0.2449792984854231E+002   0.1043866183052892E+002   0.0000000000000000E+000                         1                       125                         8                      -117
  0.2410263650040530E+002   0.1051731961909378E+002   0.0000000000000000E+000                         1                       123                         9                      -114
  0.2397658523511819E+002   0.1059745136972746E+002   0.0000000000000000E+000                         1                       123                         8                      -115
  0.2348288363564785E+002   0.1067865630566533E+002   0.0000000000000000E+000                         1                       121                         9                      -112
  0.2324453264939083E+002   0.1076112664276324E+002   0.0000000000000000E+000                         1                       121                         8                      -113
  0.2283116677597387E+002   0.1084479290067475E+002   0.0000000000000000E+000                         1                       121                         7                      -114
  0.2269434714996853E+002   0.1092994099668380E+002   0.0000000000000000E+000                         1                       120                         7                      -113
  0.2218360688329054E+002   0.1101647004519124E+002   0.0000000000000000E+000                         1                       119                         7                      -112
  0.2191786341805082E+002   0.1110415770996975E+002   0.0000000000000000E+000                         1                       119                         6                      -113
  0.2155456186279577E+002   0.1119335095755025E+002   0.0000000000000000E+000                         1                       118                         6                      -112
  0.2144022519412376E+002   0.1128391935674248E+002   0.0000000000000000E+000                         1                       116                         7                      -109
  0.2097841662330475E+002   0.1137622639959319E+002   0.0000000000000000E+000                         1                       114                         8                      -106
  0.2068526722031143E+002   0.1146964596219162E+002   0.0000000000000000E+000                         1                       113                         8                      -105
  0.2034999658875779E+002   0.1156497203506054E+002   0.0000000000000000E+000                         1                       112                         8                      -104
  0.2018980105372871E+002   0.1166161250008367E+002   0.0000000000000000E+000                         1                       112                         7                      -105
  0.1976697053654903E+002   0.1176031618859521E+002   0.0000000000000000E+000                         1                       111                         7                      -104
  0.1942771097439509E+002   0.1186005198143583E+002   0.0000000000000000E+000                         1                       111                         6                      -105
  0.1920949898075539E+002   0.1196197664326671E+002   0.0000000000000000E+000                         1                       110                         6                      -104
  0.1897333540935841E+002   0.1206530214230787E+002   0.0000000000000000E+000                         1                       109                         6                      -103
  0.1867524547813501E+002   0.1217101270129632E+002   0.0000000000000000E+000                         1                       107                         7                      -100
  0.1826522425918087E+002   0.1227799469015965E+002   0.0000000000000000E+000                         1                       107                         6                      -101
  0.1806444233736878E+002   0.1238723780600050E+002   0.0000000000000000E+000                         1                       104                         8                       -96
  0.1773851177185136E+002   0.1249809943747575E+002   0.0000000000000000E+000                         1                       106                         5                      -101
  0.1755028158889581E+002   0.1261129437958063E+002   0.0000000000000000E+000                         1                       106                         4                      -102
  0.1714900288867646E+002   0.1272626620030182E+002   0.0000000000000000E+000                         1                       102                         7                       -95
  0.1699077473159534E+002   0.1284349959553335E+002   0.0000000000000000E+000                         1                       104                         4                      -100
  0.1665337373204554E+002   0.1296297342483524E+002   0.0000000000000000E+000                         1                       102                         5                       -97
  0.1647930585759460E+002   0.1308464600452856E+002   0.0000000000000000E+000                         1                       103                         3                      -100
  0.1611021182023997E+002   0.1320865085356738E+002   0.0000000000000000E+000                         1                       102                         3                       -99
  0.1590228340114724E+002   0.1333476784714333E+002   0.0000000000000000E+000                         1                        98                         6                       -92
  0.1559067391959892E+002   0.1346358884899724E+002   0.0000000000000000E+000                         1                        97                         6                       -91
  0.1538657853387753E+002   0.1359465337875726E+002   0.0000000000000000E+000                         1                        96                         6                       -90
  0.1508532560552962E+002   0.1372869651177788E+002   0.0000000000000000E+000                         1                        96                         5                       -91
  0.1489379223251656E+002   0.1386500700835445E+002   0.0000000000000000E+000                         1                        96                         4                       -92
  0.1460436778337902E+002   0.1400450399359441E+002   0.0000000000000000E+000                         1                        97                         2                       -95
  0.1433277031958147E+002   0.1414620674617803E+002   0.0000000000000000E+000                         1                        95                         3                       -92
  0.1408154236633509E+002   0.1429122070866059E+002   0.0000000000000000E+000                         1                        93                         4                       -89
  0.1386454789849038E+002   0.1443881752877307E+002   0.0000000000000000E+000                         1                        94                         2                       -92
  0.1365492765734671E+002   0.1459016239352177E+002   0.0000000000000000E+000                         1                        90                         5                       -85
  0.1336390477290855E+002   0.1474423210056652E+002   0.0000000000000000E+000                         1                        91                         3                       -88
  0.1312979864719229E+002   0.1490185312009838E+002   0.0000000000000000E+000                         1                        88                         5                       -83
  0.1290041130345481E+002   0.1506238189448144E+002   0.0000000000000000E+000                         1                        88                         4                       -84
  0.1272476327519705E+002   0.1522691416585321E+002   0.0000000000000000E+000                         1                        88                         3                       -85
  0.1243335971586758E+002   0.1539473426157809E+002   0.0000000000000000E+000                         1                        85                         5                       -80
  0.1219792496786249E+002   0.1556645627370013E+002   0.0000000000000000E+000                         1                        83                         6                       -77
  0.1195680812645277E+002   0.1574194260795520E+002   0.0000000000000000E+000                         1                        84                         4                       -80
  0.1177715535909240E+002   0.1592165162444023E+002   0.0000000000000000E+000                         1                        82                         5                       -77
  0.1152117227803023E+002   0.1610533222313203E+002   0.0000000000000000E+000                         1                        82                         4                       -78
  0.1130746897088631E+002   0.1629306687722968E+002   0.0000000000000000E+000                         1                        82                         3                       -79
  0.1107608763472852E+002   0.1648530923487177E+002   0.0000000000000000E+000                         1                        81                         3                       -78
  0.1088866386425965E+002   0.1668212637627170E+002   0.0000000000000000E+000                         1                        80                         3                       -77
  0.1066416556995278E+002   0.1688407421677346E+002   0.0000000000000000E+000                         1                        79                         3                       -76
  0.1045332957864926E+002   0.1709058723558905E+002   0.0000000000000000E+000                         1                        78                         3                       -75
  0.1023531626168969E+002   0.1730254524073231E+002   0.0000000000000000E+000                         1                        78                         2                       -76
  0.1002235732045430E+002   0.1751899558893041E+002   0.0000000000000000E+000                         1                        77                         2                       -75
  0.9853940099014581E+001   0.1774160500378813E+002   0.0000000000000000E+000                         1                        75                         3                       -72
  0.9630637533960398E+001   0.1796944989746840E+002   0.0000000000000000E+000                         1                        76                         1                       -75
  0.9445415232575332E+001   0.1820392829756490E+002   0.0000000000000000E+000                         1                        74                         2                       -72
  0.9189853055138025E+001   0.1844393866692646E+002   0.0000000000000000E+000                         1                        74                         1                       -73
  0.9051494048929371E+001   0.1869086047400915E+002   0.0000000000000000E+000                         1                        74                         0                       -74
  0.8821462436897269E+001   0.1894373404330380E+002   0.0000000000000000E+000                         1                        73                         0                       -73
  0.8680015385191092E+001   0.1920406992477521E+002   0.0000000000000000E+000                         1                        70                         2                       -68
  0.8402823285593552E+001   0.1947089993545328E+002   0.0000000000000000E+000                         1                        70                         1                       -69
  0.8303522289126272E+001   0.1974587113795751E+002   0.0000000000000000E+000                         1                        70                         0                       -70
  0.8057710675712421E+001   0.2002875968408689E+002   0.0000000000000000E+000                         1                        68                         1                       -67
  0.7951689977820585E+001   0.2031992300628148E+002   0.0000000000000000E+000                         1                        67                         1                       -66
  0.7685338233964305E+001   0.2061938961882566E+002   0.0000000000000000E+000                         1                        66                         1                       -65
  0.7595919200817986E+001   0.2092703661494480E+002   0.0000000000000000E+000                         1                        66                         0                       -66
  0.7337751589382061E+001   0.2124478768305929E+002   0.0000000000000000E+000                         1                        64                         1                       -63
  0.7242822442024019E+001   0.2157152660724329E+002   0.0000000000000000E+000                         1                        62                         2                       -60
  0.6982605310807535E+001   0.2190992067393471E+002   0.0000000000000000E+000                         1                        62                         1                       -61
  0.6891907173590930E+001   0.2225753880887605E+002   0.0000000000000000E+000                         1                        61                         1                       -60
  0.6650567226142261E+001   0.2261790846928619E+002   0.0000000000000000E+000                         1                        60                         1                       -59
  0.6568898358991688E+001   0.2298738830126921E+002   0.0000000000000000E+000                         1                        59                         1                       -58
  0.6323990034613488E+001   0.2337157873324275E+002   0.0000000000000000E+000                         1                        57                         2                       -55
  0.6246025129962820E+001   0.2376562451763794E+002   0.0000000000000000E+000                         1                        58                         0                       -58
  0.6008977008621508E+001   0.2417800244846461E+002   0.0000000000000000E+000                         1                        56                         1                       -55
  0.5918199249522336E+001   0.2459973446299280E+002   0.0000000000000000E+000                         1                        55                         1                       -54
  0.5711860545112345E+001   0.2504199746203597E+002   0.0000000000000000E+000                         1                        54                         1                       -53
  0.5598074828234775E+001   0.2549345807748036E+002   0.0000000000000000E+000                         1                        53                         1                       -52
  0.5418047637913902E+001   0.2596744295248149E+002   0.0000000000000000E+000                         1                        53                         0                       -53
  0.5280345262761390E+001   0.2645200319134599E+002   0.0000000000000000E+000                         1                        52                         0                       -52
  0.5139960263071272E+001   0.2696368464791706E+002   0.0000000000000000E+000                         1                        50                         1                       -49
  0.4980510181453502E+001   0.2748726016283504E+002   0.0000000000000000E+000                         1                        50                         0                       -50
  0.4883018740619536E+001   0.2804074060350630E+002   0.0000000000000000E+000                         1                        49                         0                       -49
  0.4679856457776350E+001   0.2860646757061021E+002   0.0000000000000000E+000                         1                        48                         0                       -48
  0.4628014442691116E+001   0.2920292321650323E+002   0.0000000000000000E+000                         1                        47                         0                       -47
  0.4385049939645606E+001   0.2981624295393168E+002   0.0000000000000000E+000                         1                        46                         0                       -46
  0.4369227960800494E+001   0.3046354262617009E+002   0.0000000000000000E+000                         1                        45                         0                       -45
  0.4076928647188343E+001   0.3113555088652009E+002   0.0000000000000000E+000                         1                        43                         1                       -42
  0.4124588253611084E+001   0.3183915736748050E+002   0.0000000000000000E+000                         1                        43                         0                       -43
  0.3809455886842847E+001   0.3257657495209400E+002   0.0000000000000000E+000                         1                        41                         1                       -40
  0.3880840516498937E+001   0.3333865634590940E+002   0.0000000000000000E+000                         1                        41                         0                       -41
  0.3567703858551800E+001   0.3415045540270931E+002   0.0000000000000000E+000                         1                        40                         0                       -40
  0.3636161769833194E+001   0.3497857183371509E+002   0.0000000000000000E+000                         1                        39                         0                       -39
  0.3348124401253969E+001   0.3588607556733940E+002   0.0000000000000000E+000                         1                        38                         0                       -38
  0.3374007627391127E+001   0.3679382362245380E+002   0.0000000000000000E+000                         1                        37                         0                       -37
  0.3136206185251063E+001   0.3780941496751436E+002   0.0000000000000000E+000                         1                        36                         0                       -36
  0.3090593361520854E+001   0.3879799271884887E+002   0.0000000000000000E+000                         1                        35                         0                       -35
  0.2974240041019667E+001   0.3993291457084969E+002   0.0000000000000000E+000                         1                        34                         0                       -34
  0.2789404221288358E+001   0.4101738300722617E+002   0.0000000000000000E+000                         1                        33                         0                       -33
  0.2873677663363376E+001   0.4229843870107436E+002   0.0000000000000000E+000                         1                        32                         0                       -32
  0.2515153345748765E+001   0.4351645274980569E+002   0.0000000000000000E+000                         1                        31                         0                       -31
  0.2808770392719926E+001   0.4496833688635779E+002   0.0000000000000000E+000                         1                        30                         0                       -30
  0.2224247987059765E+001   0.4633501260161083E+002   0.0000000000000000E+000                         1                        29                         0                       -29
  0.2794296811297460E+001   0.4795170992523018E+002   0.0000000000000000E+000                         1                        28                         0                       -28
  0.1958329644147101E+001   0.4951783179690835E+002   0.0000000000000000E+000                         1                        27                         0                       -27
  0.2823734524340887E+001   0.5131275172962093E+002   0.0000000000000000E+000                         1                        26                         0                       -26
  0.1698073548867783E+001   0.5318146203429792E+002   0.0000000000000000E+000                         1                        25                         0                       -25
  0.2879183241241052E+001   0.5517546081347234E+002   0.0000000000000000E+000                         1                        24                         0                       -24
  0.1503636612838080E+001   0.5743140819035052E+002   0.0000000000000000E+000                         1                        23                         0                       -23
  0.3051945236171363E+001   0.5957987336728679E+002   0.0000000000000000E+000                         1                        22                         0                       -22
  0.1361515499843160E+001   0.6237495163657373E+002   0.0000000000000000E+000                         1                        21                         0                       -21
  0.3104313326425473E+001   0.6457688559986185E+002   0.0000000000000000E+000                         1                        20                         0                       -20
  0.1235067164152940E+001   0.6823002060653961E+002   0.0000000000000000E+000                         1                        19                         0                       -19
  0.3178774525186431E+001   0.7049878274983013E+002   0.0000000000000000E+000                         1                        18                         0                       -18
  0.1143826528426323E+001   0.7531070489608132E+002   0.0000000000000000E+000                         1                        17                         0                       -17
  0.3468033184802213E+001   0.7756441242798010E+002   0.0000000000000000E+000                         1                        16                         0                       -16
  0.1145428365361766E+001   0.8383867857545158E+002   0.0000000000000000E+000                         1                        15                         0                       -15
  0.2944749345277572E+001   0.8579926026460542E+002   0.0000000000000000E+000                         1                        14                         0                       -14
  0.1374748525908667E+001   0.9436830725949474E+002   0.0000000000000000E+000                         1                        13                         0                       -13
  0.2150367057343367E+001   0.9601521571764044E+002   0.0000000000000000E+000                         1                        12                         0                       -12
  0.1397264417412578E+001   0.1081591643332608E+003   0.0000000000000000E+000                         1                        11                         0                       -11
  0.2301167883047952E+001   0.1096866021462953E+003   0.0000000000000000E+000                         1                        10                         0                       -10
  0.4839338641280991E+001   0.1255808318457147E+003   0.0000000000000000E+000                         1                         9                         0                        -9
  0.1081202575984251E+001   0.1273041879147762E+003   0.0000000000000000E+000                         1                         8                         0                        -8
  0.3128105312777971E+002   0.1480370629643341E+003   0.0000000000000000E+000                         1                         7                         0                        -7
  0.8518728391211441E+000   0.1524476661369467E+003   0.0000000000000000E+000                         1                         6                         0                        -6
  0.9597811726289558E+001   0.1881456229926623E+003   0.0000000000000000E+000                         1                         5                         0                        -5
  0.6280306464773300E+000   0.1904874915372302E+003   0.0000000000000000E+000                         1                         4                         0                        -4
  0.2964052814294256E-001   0.2611628793847447E+003   0.0000000000000000E+000                         1                         3                         0                        -3
  0.3838625383274120E+001   0.2737440783874159E+003   0.0000000000000000E+000                         1                         2                         0                        -2
  0.4517815782819335E-002   0.2849480212611127E+003   0.0000000000000000E+000                         1                         1                         0                        -1
  0.6426426924246253E-003   0.4484241414773934E+003   0.0000000000000000E+000                         1                         0                         2                         3
  0.3388252749835891E+006   0.5113995396377785E+003   0.0000000000000000E+000                         1                         1                         0                        -1
  0.1749728750603146E-003   0.5968126745066468E+003   0.0000000000000000E+000                         1                         0                         3                         4
  0.5486127147658537E-004   0.7465674249682610E+003   0.0000000000000000E+000                         1                         0                         4                         5
  0.2064624494416897E-004   0.8932707480010457E+003   0.0000000000000000E+000                         1                         0                         5                         6
