                                                                                                                                                                                                                                                                



                        1                         2                         3                         4                         5                         6                         7
                   E_norm                  Re(freq)                  Im(freq)                         l                       n_g                       n_p                      n_pg
  0.3364268444239322E-004   0.8257752668741289E+003   0.0000000000000000E+000                         0                         0                         5                         5
  0.1291831813461243E-004   0.9732235239657902E+003   0.0000000000000000E+000                         0                         0                         6                         6
  0.5478865670567850E-005   0.1118792478548106E+004   0.0000000000000000E+000                         0                         0                         7                         7
  0.2360209561834755E-005   0.1264272701424500E+004   0.0000000000000000E+000                         0                         0                         8                         8
  0.1044965703252012E-005   0.1408425426347932E+004   0.0000000000000000E+000                         0                         0                         9                         9
  0.4677923308056019E-006   0.1549357084183868E+004   0.0000000000000000E+000                         0                         0                        10                        10
  0.2248666153264114E-006   0.1687709970654523E+004   0.0000000000000000E+000                         0                         0                        11                        11
  0.1235497495737183E-006   0.1823296831674487E+004   0.0000000000000000E+000                         0                         0                        12                        12
  0.7563086708666429E-007   0.1958755744829560E+004   0.0000000000000000E+000                         0                         0                        13                        13
  0.4953155698608143E-007   0.2094999924976569E+004   0.0000000000000000E+000                         0                         0                        14                        14
  0.3332768979506909E-007   0.2230581277830859E+004   0.0000000000000000E+000                         0                         0                        15                        15
  0.2342839173285254E-007   0.2365405197428918E+004   0.0000000000000000E+000                         0                         0                        16                        16
  0.1796907782311241E-007   0.2499483063819609E+004   0.0000000000000000E+000                         0                         0                        17                        17
  0.1482169065635064E-007   0.2633825299403650E+004   0.0000000000000000E+000                         0                         0                        18                        18
  0.1281680482560941E-007   0.2769342917309008E+004   0.0000000000000000E+000                         0                         0                        19                        19
  0.1134558499260563E-007   0.2905205109146063E+004   0.0000000000000000E+000                         0                         0                        20                        20
  0.1018343712107792E-007   0.3041308640226004E+004   0.0000000000000000E+000                         0                         0                        21                        21
  0.9418240320780111E-008   0.3177577965660045E+004   0.0000000000000000E+000                         0                         0                        22                        22
  0.8949952295561817E-008   0.3313909910589644E+004   0.0000000000000000E+000                         0                         0                        23                        23
  0.8687138838960306E-008   0.3450879215756688E+004   0.0000000000000000E+000                         0                         0                        24                        24
  0.8576162675443328E-008   0.3588135918727341E+004   0.0000000000000000E+000                         0                         0                        25                        25
  0.8531381777681578E-008   0.3725635874844366E+004   0.0000000000000000E+000                         0                         0                        26                        26
  0.8588940238889070E-008   0.3863485061064112E+004   0.0000000000000000E+000                         0                         0                        27                        27
  0.8726347675472351E-008   0.4001335393480450E+004   0.0000000000000000E+000                         0                         0                        28                        28
  0.8930096259383187E-008   0.4139415867867830E+004   0.0000000000000000E+000                         0                         0                        29                        29
  0.9253056218479033E-008   0.4277518112729123E+004   0.0000000000000000E+000                         0                         0                        30                        30
  0.9678078082442058E-008   0.4415539162630997E+004   0.0000000000000000E+000                         0                         0                        31                        31
  0.1237047930164359E+000   0.8702760083950126E+003   0.0000000000000000E+000                         1                        12                         5                        -7
  0.2153180585602702E-004   0.8941672223600127E+003   0.0000000000000000E+000                         1                        11                         5                        -6
  0.1675144471662810E+000   0.9557620640936148E+003   0.0000000000000000E+000                         1                        11                         5                        -6
  0.8612181822661517E-005   0.1040130932517897E+004   0.0000000000000000E+000                         1                         9                         6                        -3
  0.9601615823739269E-002   0.1059290911909472E+004   0.0000000000000000E+000                         1                        10                         5                        -5
  0.3861133821362663E-005   0.1186190959365147E+004   0.0000000000000000E+000                         1                         9                         7                        -2
  0.9609424484869905E-004   0.1189736386547728E+004   0.0000000000000000E+000                         1                         8                         6                        -2
  0.1630127918996774E-005   0.1330521717709250E+004   0.0000000000000000E+000                         1                         7                         8                         2
  0.1208209042152157E-002   0.1356987259105368E+004   0.0000000000000000E+000                         1                         8                         7                        -1
  0.7144155444322652E-006   0.1473818962330873E+004   0.0000000000000000E+000                         1                         7                         9                         3
  0.3620398966660774E-003   0.1577057590450840E+004   0.0000000000000000E+000                         1                         5                         9                         5
  0.3304745262820160E-006   0.1613659503694022E+004   0.0000000000000000E+000                         1                         5                        10                         6
  0.1671053740028703E-006   0.1750415278871164E+004   0.0000000000000000E+000                         1                         5                        11                         7
  0.1882318552942620E-005   0.1880217725020648E+004   0.0000000000000000E+000                         1                         5                        11                         7
  0.1023657607332911E-006   0.1886670857569966E+004   0.0000000000000000E+000                         1                         5                        12                         8
  0.6189345214505087E-007   0.2022114068690332E+004   0.0000000000000000E+000                         1                         5                        13                         9
  0.4083152728983830E-007   0.2158487245034850E+004   0.0000000000000000E+000                         1                         5                        14                        10
  0.2808312034832933E-007   0.2294037985331815E+004   0.0000000000000000E+000                         1                         5                        15                        11
  0.6941171767818869E-005   0.2334237390904143E+004   0.0000000000000000E+000                         1                         3                        15                        13
  0.2043773025585092E-007   0.2428498809661195E+004   0.0000000000000000E+000                         1                         3                        16                        14
  0.1622547093982822E-007   0.2562964821067723E+004   0.0000000000000000E+000                         1                         3                        17                        15
  0.1379210548822114E-007   0.2697980448959893E+004   0.0000000000000000E+000                         1                         3                        18                        16
  0.1204318231470927E-007   0.2833798021232402E+004   0.0000000000000000E+000                         1                         3                        19                        17
  0.1074168825449030E-007   0.2970117746972179E+004   0.0000000000000000E+000                         1                         3                        20                        18
  0.4747898983768679E-006   0.3082345044805786E+004   0.0000000000000000E+000                         1                         3                        20                        18
  0.9963429578849711E-008   0.3106865705352622E+004   0.0000000000000000E+000                         1                         3                        21                        19
  0.9140582050923958E-008   0.3242961320544543E+004   0.0000000000000000E+000                         1                         3                        22                        20
  0.8805236972785443E-008   0.3379749149272833E+004   0.0000000000000000E+000                         1                         3                        23                        21
  0.8612012146223710E-008   0.3516863661272604E+004   0.0000000000000000E+000                         1                         3                        24                        22
  0.8531833830097661E-008   0.3654488252947367E+004   0.0000000000000000E+000                         1                         3                        25                        23
  0.8552005266275677E-008   0.3792180321185581E+004   0.0000000000000000E+000                         1                         3                        26                        24
  0.8631295526672273E-008   0.3930123836345904E+004   0.0000000000000000E+000                         1                         3                        27                        25
  0.8814954862794391E-008   0.4068245250694549E+004   0.0000000000000000E+000                         1                         3                        28                        26
  0.9072388111867522E-008   0.4206288782145292E+004   0.0000000000000000E+000                         1                         3                        29                        27
  0.9442811434661584E-008   0.4344431217095141E+004   0.0000000000000000E+000                         1                         3                        30                        28
  0.1018347999727915E-007   0.4481760458685470E+004   0.0000000000000000E+000                         1                         3                        31                        29
  0.3639970527040272E-004   0.8122442545477414E+003   0.0000000000000000E+000                         2                        20                         4                       -16
  0.1952429698837470E+001   0.8239035425913538E+003   0.0000000000000000E+000                         2                        19                         4                       -15
  0.2047274534451687E+002   0.8662878608014300E+003   0.0000000000000000E+000                         2                        18                         4                       -14
  0.1253282706359997E+002   0.9134373640870722E+003   0.0000000000000000E+000                         2                        17                         4                       -13
  0.1399923824578428E-004   0.9604017302095403E+003   0.0000000000000000E+000                         2                        17                         5                       -12
  0.1681487123515335E+000   0.9659315571972894E+003   0.0000000000000000E+000                         2                        16                         5                       -11
  0.7486353254902722E+001   0.1024208460612818E+004   0.0000000000000000E+000                         2                        15                         5                       -10
  0.5088772581427888E+000   0.1090425064159606E+004   0.0000000000000000E+000                         2                        14                         5                        -9
  0.5897798836216448E-005   0.1105866744563070E+004   0.0000000000000000E+000                         2                        14                         6                        -8
  0.2572489142363799E+001   0.1166204449611746E+004   0.0000000000000000E+000                         2                        13                         6                        -7
  0.2543287705247780E-005   0.1251537687506184E+004   0.0000000000000000E+000                         2                        13                         7                        -6
  0.1804072495107897E-002   0.1253168708738306E+004   0.0000000000000000E+000                         2                        12                         7                        -5
  0.4205406699650655E+000   0.1354098076875322E+004   0.0000000000000000E+000                         2                        11                         7                        -4
  0.1125881837864866E-005   0.1395593788510972E+004   0.0000000000000000E+000                         2                        11                         8                        -3
  0.2679235630626438E+000   0.1472757407986942E+004   0.0000000000000000E+000                         2                        10                         8                        -2
  0.5006003299852699E-006   0.1536907276404938E+004   0.0000000000000000E+000                         2                        10                         9                        -1
  0.9337178688889831E-001   0.1614336844674343E+004   0.0000000000000000E+000                         2                         9                         9                         0
  0.2387284579577628E-006   0.1675647660675914E+004   0.0000000000000000E+000                         2                         9                        10                         1
  0.1037445022011084E-001   0.1784785526318057E+004   0.0000000000000000E+000                         2                         8                        10                         2
  0.1293011557667588E-006   0.1811447892413796E+004   0.0000000000000000E+000                         2                         8                        11                         3
  0.7838963708674723E-007   0.1947213153482290E+004   0.0000000000000000E+000                         2                         8                        12                         4
  0.8560635037267658E-002   0.1997675958907350E+004   0.0000000000000000E+000                         2                         7                        12                         5
  0.5117892642617216E-007   0.2083654946254243E+004   0.0000000000000000E+000                         2                         7                        13                         6
  0.3426883336613079E-007   0.2219619969335381E+004   0.0000000000000000E+000                         2                         7                        14                         7
  0.2530330204565131E-002   0.2270103257010543E+004   0.0000000000000000E+000                         2                         6                        14                         8
  0.2395871696694256E-007   0.2354917848649361E+004   0.0000000000000000E+000                         2                         6                        15                         9
  0.1824050570789094E-007   0.2489286801304000E+004   0.0000000000000000E+000                         2                         6                        16                        10
  0.1507114560229619E-007   0.2623938645929779E+004   0.0000000000000000E+000                         2                         6                        17                        11
  0.2005171852987038E-005   0.2625963073002933E+004   0.0000000000000000E+000                         2                         5                        17                        12
  0.1290960618374522E-007   0.2759757980643849E+004   0.0000000000000000E+000                         2                         5                        18                        13
  0.1140527108672773E-007   0.2895911247350953E+004   0.0000000000000000E+000                         2                         5                        19                        14
  0.1022081159741035E-007   0.3032389284663991E+004   0.0000000000000000E+000                         2                         5                        20                        15
  0.3109209137919971E-003   0.3109853651616959E+004   0.0000000000000000E+000                         2                         4                        20                        16
  0.9437337260973948E-008   0.3168955650528892E+004   0.0000000000000000E+000                         2                         4                        21                        17
  0.8947995220229657E-008   0.3305589951113242E+004   0.0000000000000000E+000                         2                         4                        22                        18
  0.8679810503674973E-008   0.3442858455849390E+004   0.0000000000000000E+000                         2                         4                        23                        19
  0.8562590488988465E-008   0.3580369896467828E+004   0.0000000000000000E+000                         2                         4                        24                        20
  0.8512563179476001E-008   0.3718161327485710E+004   0.0000000000000000E+000                         2                         4                        25                        21
  0.7501778992376293E-004   0.3818012624173539E+004   0.0000000000000000E+000                         2                         3                        25                        22
  0.8569926388157624E-008   0.3856267851032503E+004   0.0000000000000000E+000                         2                         3                        26                        23
  0.8700463712557873E-008   0.3994361876129937E+004   0.0000000000000000E+000                         2                         3                        27                        24
  0.8902403224073069E-008   0.4132699896868149E+004   0.0000000000000000E+000                         2                         3                        28                        25
  0.9221022801977545E-008   0.4271020950601878E+004   0.0000000000000000E+000                         2                         3                        29                        26
  0.9638948838801978E-008   0.4409278667321287E+004   0.0000000000000000E+000                         2                         3                        30                        27
  0.7848085746700442E+004   0.8020481182716412E+003   0.0000000000000000E+000                         3                        28                         3                       -25
  0.3836007376465961E+004   0.8299668243285679E+003   0.0000000000000000E+000                         3                        27                         3                       -24
  0.1755016404430522E+003   0.8597196005018274E+003   0.0000000000000000E+000                         3                        27                         4                       -23
  0.2524561368621683E-004   0.8673295349843345E+003   0.0000000000000000E+000                         3                        26                         4                       -22
  0.1473942157795091E+004   0.8918754342714527E+003   0.0000000000000000E+000                         3                        25                         4                       -21
  0.4613277384461512E+004   0.9264957108056034E+003   0.0000000000000000E+000                         3                        24                         4                       -20
  0.3334834555419779E+004   0.9639707751833728E+003   0.0000000000000000E+000                         3                        23                         4                       -19
  0.1808793810501072E+003   0.1004532629455837E+004   0.0000000000000000E+000                         3                        23                         5                       -18
  0.9876804506364730E-005   0.1015496362506120E+004   0.0000000000000000E+000                         3                        22                         5                       -17
  0.1100938125376643E+004   0.1048877878431224E+004   0.0000000000000000E+000                         3                        21                         5                       -16
  0.1884709888263783E+004   0.1097270602281437E+004   0.0000000000000000E+000                         3                        20                         5                       -15
  0.9725062533782288E+002   0.1149839898348138E+004   0.0000000000000000E+000                         3                        20                         6                       -14
  0.4241763615337445E-005   0.1162322243309256E+004   0.0000000000000000E+000                         3                        19                         6                       -13
  0.6505963280416757E+003   0.1208219195175247E+004   0.0000000000000000E+000                         3                        18                         6                       -12
  0.2772244822888632E+003   0.1273154035093336E+004   0.0000000000000000E+000                         3                        17                         6                       -11
  0.1842165730647719E-005   0.1307574173353649E+004   0.0000000000000000E+000                         3                        17                         7                       -10
  0.1987473307654756E+003   0.1345490937810181E+004   0.0000000000000000E+000                         3                        16                         7                        -9
  0.6215127966465349E+002   0.1425690786919384E+004   0.0000000000000000E+000                         3                        15                         7                        -8
  0.8086416618024365E-006   0.1451859065753048E+004   0.0000000000000000E+000                         3                        15                         8                        -7
  0.1040120578399718E+003   0.1516225348055589E+004   0.0000000000000000E+000                         3                        14                         8                        -6
  0.3688008157054451E-006   0.1592408249832545E+004   0.0000000000000000E+000                         3                        14                         9                        -5
  0.1738332715336904E+002   0.1620035893477423E+004   0.0000000000000000E+000                         3                        13                         9                        -4
  0.1825351465377444E-006   0.1730190502469607E+004   0.0000000000000000E+000                         3                        13                        10                        -3
  0.8726845109371434E+000   0.1738695068606013E+004   0.0000000000000000E+000                         3                        12                        10                        -2
  0.1041290790274525E-006   0.1866423301879057E+004   0.0000000000000000E+000                         3                        12                        11                        -1
  0.5290972719206594E+000   0.1876208839039416E+004   0.0000000000000000E+000                         3                        11                        11                         0
  0.6553247621208776E-007   0.2002496266518585E+004   0.0000000000000000E+000                         3                        11                        12                         1
  0.2485053240227031E+001   0.2037320361544826E+004   0.0000000000000000E+000                         3                        10                        12                         2
  0.4306127776769023E-007   0.2139446650241553E+004   0.0000000000000000E+000                         3                        10                        13                         3
  0.1564036053183489E+001   0.2228814432009079E+004   0.0000000000000000E+000                         3                         9                        13                         4
  0.2933012961721772E-007   0.2275559141348438E+004   0.0000000000000000E+000                         3                         9                        14                         5
  0.2110932943301817E-007   0.2410491110176831E+004   0.0000000000000000E+000                         3                         9                        15                         6
  0.6666512882552372E+000   0.2458720777648489E+004   0.0000000000000000E+000                         3                         8                        15                         7
  0.1659799394859281E-007   0.2545413149900176E+004   0.0000000000000000E+000                         3                         8                        16                         8
  0.1399844438745897E-007   0.2680722953445504E+004   0.0000000000000000E+000                         3                         8                        17                         9
  0.3619170023802479E+000   0.2743214550011626E+004   0.0000000000000000E+000                         3                         7                        17                        10
  0.1218111459672384E-007   0.2817036631338192E+004   0.0000000000000000E+000                         3                         7                        18                        11
  0.1084012621780886E-007   0.2953825935219810E+004   0.0000000000000000E+000                         3                         7                        19                        12
  0.9828369515844649E-008   0.3090467385962626E+004   0.0000000000000000E+000                         3                         7                        20                        13
  0.1989256198826476E-001   0.3105864635736059E+004   0.0000000000000000E+000                         3                         6                        20                        14
  0.9161938309611025E-008   0.3227443619950587E+004   0.0000000000000000E+000                         3                         6                        21                        15
  0.8804621467882336E-008   0.3364623073721074E+004   0.0000000000000000E+000                         3                         6                        22                        16
  0.8593794859403698E-008   0.3502199548769662E+004   0.0000000000000000E+000                         3                         6                        23                        17
  0.7950035638192966E-001   0.3576944596829887E+004   0.0000000000000000E+000                         3                         5                        23                        18
  0.8510889248386443E-008   0.3640248868327940E+004   0.0000000000000000E+000                         3                         5                        24                        19
  0.8517993834186463E-008   0.3778344431234425E+004   0.0000000000000000E+000                         3                         5                        25                        20
  0.8591556135927178E-008   0.3916746487348852E+004   0.0000000000000000E+000                         3                         5                        26                        21
  0.8769597224352496E-008   0.4055260358236510E+004   0.0000000000000000E+000                         3                         5                        27                        22
  0.9013005896385507E-008   0.4193749336250362E+004   0.0000000000000000E+000                         3                         5                        28                        23
  0.5327625131989070E-002   0.4209993338883288E+004   0.0000000000000000E+000                         3                         4                        28                        24
  0.9369502425253368E-008   0.4332386125379610E+004   0.0000000000000000E+000                         3                         4                        29                        25
  0.9870837238493995E-008   0.4470837292208988E+004   0.0000000000000000E+000                         3                         4                        30                        26
