                                                                                                                                                                                                                                                                



                        1                         2                         3                         4                         5                         6                         7
                   E_norm                  Re(freq)                  Im(freq)                         l                       n_g                       n_p                      n_pg
  0.2379185344716451E+002   0.8021427278281967E+001   0.0000000000000000E+000                         1                        87                         8                       -79
  0.2313977009565717E+002   0.8106123726612731E+001   0.0000000000000000E+000                         1                        87                         7                       -80
  0.2271964527229982E+002   0.8192667642475080E+001   0.0000000000000000E+000                         1                        86                         7                       -79
  0.2224849194016796E+002   0.8281478323615685E+001   0.0000000000000000E+000                         1                        83                         9                       -74
  0.2179961041314613E+002   0.8372122844879730E+001   0.0000000000000000E+000                         1                        83                         8                       -75
  0.2136284677269080E+002   0.8464833158219724E+001   0.0000000000000000E+000                         1                        82                         8                       -74
  0.2096241635635442E+002   0.8559123856432103E+001   0.0000000000000000E+000                         1                        81                         8                       -73
  0.2060472811688452E+002   0.8655659305484296E+001   0.0000000000000000E+000                         1                        81                         7                       -74
  0.2005621944118468E+002   0.8754154511487561E+001   0.0000000000000000E+000                         1                        80                         7                       -73
  0.1964325350406376E+002   0.8855153983204451E+001   0.0000000000000000E+000                         1                        79                         7                       -72
  0.1919628232761480E+002   0.8958740549310610E+001   0.0000000000000000E+000                         1                        78                         7                       -71
  0.1878507580579426E+002   0.9064958122916154E+001   0.0000000000000000E+000                         1                        77                         7                       -70
  0.1841447073402627E+002   0.9173769772285626E+001   0.0000000000000000E+000                         1                        76                         7                       -69
  0.1797884320215065E+002   0.9284977462692508E+001   0.0000000000000000E+000                         1                        75                         7                       -68
  0.1761600909455803E+002   0.9398553533794651E+001   0.0000000000000000E+000                         1                        75                         6                       -69
  0.1722888596932886E+002   0.9514863921004713E+001   0.0000000000000000E+000                         1                        73                         7                       -66
  0.1680779153886484E+002   0.9633986087993211E+001   0.0000000000000000E+000                         1                        72                         7                       -65
  0.1643206175247337E+002   0.9756361191841600E+001   0.0000000000000000E+000                         1                        71                         7                       -64
  0.1600776661991097E+002   0.9882132434670886E+001   0.0000000000000000E+000                         1                        71                         6                       -65
  0.1567303452860630E+002   0.1001116818437523E+002   0.0000000000000000E+000                         1                        70                         6                       -64
  0.1531372968059928E+002   0.1014379135163145E+002   0.0000000000000000E+000                         1                        69                         6                       -63
  0.1494565653327741E+002   0.1027940139843258E+002   0.0000000000000000E+000                         1                        70                         4                       -66
  0.1461325712661759E+002   0.1041887433585937E+002   0.0000000000000000E+000                         1                        67                         6                       -61
  0.1418645276658864E+002   0.1056176124306040E+002   0.0000000000000000E+000                         1                        67                         5                       -62
  0.1391042777290932E+002   0.1070912493987218E+002   0.0000000000000000E+000                         1                        66                         5                       -61
  0.1348301228373541E+002   0.1086101377260415E+002   0.0000000000000000E+000                         1                        66                         4                       -62
  0.1315682159454599E+002   0.1101726241889943E+002   0.0000000000000000E+000                         1                        63                         6                       -57
  0.1281487761120653E+002   0.1117825083384935E+002   0.0000000000000000E+000                         1                        64                         4                       -60
  0.1251036042926487E+002   0.1134326125407975E+002   0.0000000000000000E+000                         1                        63                         4                       -59
  0.1221438881923955E+002   0.1151299271079315E+002   0.0000000000000000E+000                         1                        61                         5                       -56
  0.1185908593608370E+002   0.1168708334943605E+002   0.0000000000000000E+000                         1                        61                         4                       -57
  0.1158990066281903E+002   0.1186677881910157E+002   0.0000000000000000E+000                         1                        59                         5                       -54
  0.1120973647475132E+002   0.1205243041573976E+002   0.0000000000000000E+000                         1                        59                         4                       -55
  0.1091758199147820E+002   0.1224452887323637E+002   0.0000000000000000E+000                         1                        57                         5                       -52
  0.1058035458842657E+002   0.1244319447568431E+002   0.0000000000000000E+000                         1                        57                         4                       -53
  0.1032486524356225E+002   0.1264803756055014E+002   0.0000000000000000E+000                         1                        55                         5                       -50
  0.1003011204675855E+002   0.1285943159889875E+002   0.0000000000000000E+000                         1                        55                         4                       -51
  0.9774299002485010E+001   0.1307754949416878E+002   0.0000000000000000E+000                         1                        56                         2                       -54
  0.9456638928693250E+001   0.1330360301522457E+002   0.0000000000000000E+000                         1                        53                         4                       -49
  0.9161343381756129E+001   0.1353788763084215E+002   0.0000000000000000E+000                         1                        51                         5                       -46
  0.8877100843012110E+001   0.1378131818344723E+002   0.0000000000000000E+000                         1                        51                         4                       -47
  0.8619114006312184E+001   0.1403333628023955E+002   0.0000000000000000E+000                         1                        49                         5                       -44
  0.8376629081095428E+001   0.1429362693347799E+002   0.0000000000000000E+000                         1                        50                         3                       -47
  0.8145428326328558E+001   0.1456193200487824E+002   0.0000000000000000E+000                         1                        49                         3                       -46
  0.7901713891362051E+001   0.1483942469269920E+002   0.0000000000000000E+000                         1                        48                         3                       -45
  0.7628385540587832E+001   0.1512850592750659E+002   0.0000000000000000E+000                         1                        47                         3                       -44
  0.7329727389499513E+001   0.1543101046615356E+002   0.0000000000000000E+000                         1                        46                         3                       -43
  0.7070153058480811E+001   0.1574813511093997E+002   0.0000000000000000E+000                         1                        47                         1                       -46
  0.6822145014786529E+001   0.1607901849495056E+002   0.0000000000000000E+000                         1                        45                         2                       -43
  0.6640582080314354E+001   0.1642201465189431E+002   0.0000000000000000E+000                         1                        43                         3                       -40
  0.6453369399408399E+001   0.1677593543936088E+002   0.0000000000000000E+000                         1                        43                         2                       -41
  0.6251368811460550E+001   0.1714218030014409E+002   0.0000000000000000E+000                         1                        42                         2                       -40
  0.5991735064969097E+001   0.1752637462834626E+002   0.0000000000000000E+000                         1                        41                         2                       -39
  0.5721048429357904E+001   0.1793327200751537E+002   0.0000000000000000E+000                         1                        41                         1                       -40
  0.5470900994666424E+001   0.1836462929853484E+002   0.0000000000000000E+000                         1                        39                         2                       -37
  0.5259544001830804E+001   0.1881846769809809E+002   0.0000000000000000E+000                         1                        38                         2                       -36
  0.5119072092915340E+001   0.1928963634311999E+002   0.0000000000000000E+000                         1                        37                         2                       -35
  0.5001289456103880E+001   0.1977318862752706E+002   0.0000000000000000E+000                         1                        36                         2                       -34
  0.4837331050992824E+001   0.2027199747938900E+002   0.0000000000000000E+000                         1                        37                         0                       -37
  0.4578955009303250E+001   0.2080207156989734E+002   0.0000000000000000E+000                         1                        36                         0                       -36
  0.4297029414229932E+001   0.2137630647188176E+002   0.0000000000000000E+000                         1                        34                         1                       -33
  0.4074851908162175E+001   0.2199665456760627E+002   0.0000000000000000E+000                         1                        33                         1                       -32
  0.3920996726419113E+001   0.2265267649308853E+002   0.0000000000000000E+000                         1                        31                         2                       -29
  0.3894307419776647E+001   0.2332448803145575E+002   0.0000000000000000E+000                         1                        31                         1                       -30
  0.3890279372992288E+001   0.2399124610677782E+002   0.0000000000000000E+000                         1                        30                         1                       -29
  0.3659348621151196E+001   0.2468684240456243E+002   0.0000000000000000E+000                         1                        30                         0                       -30
  0.3309810034771351E+001   0.2547924585441355E+002   0.0000000000000000E+000                         1                        29                         0                       -29
  0.3055205890627423E+001   0.2637833016997531E+002   0.0000000000000000E+000                         1                        28                         0                       -28
  0.2858691495504283E+001   0.2737072395077055E+002   0.0000000000000000E+000                         1                        26                         1                       -25
  0.2741599256749163E+001   0.2843629437758461E+002   0.0000000000000000E+000                         1                        26                         0                       -26
  0.2816070267376201E+001   0.2950927297034504E+002   0.0000000000000000E+000                         1                        25                         0                       -25
  0.3202531518504101E+001   0.3041421807045198E+002   0.0000000000000000E+000                         1                        24                         0                       -24
  0.2545993149591716E+001   0.3140770246391644E+002   0.0000000000000000E+000                         1                        23                         0                       -23
  0.2210974248635184E+001   0.3275152810461841E+002   0.0000000000000000E+000                         1                        21                         1                       -20
  0.2033212153883775E+001   0.3431846665619158E+002   0.0000000000000000E+000                         1                        21                         0                       -21
  0.1907680372754050E+001   0.3605731288924306E+002   0.0000000000000000E+000                         1                        20                         0                       -20
  0.2044206431934408E+001   0.3784078375608806E+002   0.0000000000000000E+000                         1                        19                         0                       -19
  0.3081632037807009E+001   0.3888018395853744E+002   0.0000000000000000E+000                         1                        18                         0                       -18
  0.1681160235781636E+001   0.4053138559365560E+002   0.0000000000000000E+000                         1                        17                         0                       -17
  0.1503215126516542E+001   0.4295655654876698E+002   0.0000000000000000E+000                         1                        16                         0                       -16
  0.1377349179329566E+001   0.4577015908734371E+002   0.0000000000000000E+000                         1                        15                         0                       -15
  0.1269573452575974E+001   0.4898842077737176E+002   0.0000000000000000E+000                         1                        14                         0                       -14
  0.1163352947874325E+001   0.5269180707408525E+002   0.0000000000000000E+000                         1                        13                         0                       -13
  0.1081751712729220E+001   0.5696223920858188E+002   0.0000000000000000E+000                         1                        12                         0                       -12
  0.1037068008281018E+001   0.6192888531010134E+002   0.0000000000000000E+000                         1                        11                         0                       -11
  0.1380372092614531E+002   0.6429171411030855E+002   0.0000000000000000E+000                         1                        10                         0                       -10
  0.9598106252128173E+000   0.6798945396852199E+002   0.0000000000000000E+000                         1                         9                         0                        -9
  0.9140897810502643E+000   0.7505832669449632E+002   0.0000000000000000E+000                         1                         8                         0                        -8
  0.9023301655469999E+000   0.8370155517852120E+002   0.0000000000000000E+000                         1                         7                         0                        -7
  0.9283348806649363E+000   0.9446263624484162E+002   0.0000000000000000E+000                         1                         6                         0                        -6
  0.9683349481667066E+000   0.1082623785974336E+003   0.0000000000000000E+000                         1                         5                         0                        -5
  0.9599033702910372E+000   0.1266987336172369E+003   0.0000000000000000E+000                         1                         4                         0                        -4
  0.8342296429819362E+000   0.1520770042265286E+003   0.0000000000000000E+000                         1                         3                         0                        -3
  0.5980084819786440E+000   0.1901377989136220E+003   0.0000000000000000E+000                         1                         2                         0                        -2
  0.2995343569315306E-001   0.2610088872195738E+003   0.0000000000000000E+000                         1                         1                         0                        -1
  0.4504518304927226E-002   0.2849208494932540E+003   0.0000000000000000E+000                         1                         0                         0                         1
  0.6424834076908227E-003   0.4484245351818287E+003   0.0000000000000000E+000                         1                         0                         1                         2
  0.1749294090960443E-003   0.5968106355936590E+003   0.0000000000000000E+000                         1                         0                         2                         3
  0.5484858764473827E-004   0.7465646241080905E+003   0.0000000000000000E+000                         1                         0                         3                         4
  0.2064159074544286E-004   0.8932656156349003E+003   0.0000000000000000E+000                         1                         0                         4                         5
