                                                                                                                                                                                                                                                                



                        1                         2                         3                         4                         5                         6                         7
                   E_norm                  Re(freq)                  Im(freq)                         l                       n_g                       n_p                      n_pg
  0.1568717380798446E+002   0.1001107180901123E+002   0.0000000000000000E+000                         1                        70                         6                       -64
  0.1529395013469021E+002   0.1014369798851471E+002   0.0000000000000000E+000                         1                        68                         7                       -61
  0.1494095380723282E+002   0.1027931801801226E+002   0.0000000000000000E+000                         1                        70                         4                       -66
  0.1461580287695224E+002   0.1041879983601152E+002   0.0000000000000000E+000                         1                        66                         7                       -59
  0.1419630492936631E+002   0.1056168809526464E+002   0.0000000000000000E+000                         1                        67                         5                       -62
  0.1391853452070166E+002   0.1070904984957918E+002   0.0000000000000000E+000                         1                        65                         6                       -59
  0.1347532059227570E+002   0.1086094015443808E+002   0.0000000000000000E+000                         1                        65                         5                       -60
  0.1315258138088442E+002   0.1101719134142301E+002   0.0000000000000000E+000                         1                        63                         6                       -57
  0.1281340101465362E+002   0.1117817848938375E+002   0.0000000000000000E+000                         1                        64                         4                       -60
  0.1251358234765145E+002   0.1134318708066366E+002   0.0000000000000000E+000                         1                        61                         6                       -55
  0.1220813176859054E+002   0.1151292111520184E+002   0.0000000000000000E+000                         1                        60                         6                       -54
  0.1186901834571643E+002   0.1168701685771344E+002   0.0000000000000000E+000                         1                        61                         4                       -57
  0.1158644011779531E+002   0.1186672253835481E+002   0.0000000000000000E+000                         1                        59                         5                       -54
  0.1121856583702707E+002   0.1205238020726666E+002   0.0000000000000000E+000                         1                        58                         5                       -53
  0.1091588548968079E+002   0.1224448207662767E+002   0.0000000000000000E+000                         1                        57                         5                       -52
  0.1057762717796034E+002   0.1244314955892400E+002   0.0000000000000000E+000                         1                        56                         5                       -51
  0.1032711455699373E+002   0.1264799293257751E+002   0.0000000000000000E+000                         1                        54                         6                       -48
  0.1002688278835165E+002   0.1285938942688782E+002   0.0000000000000000E+000                         1                        55                         4                       -51
  0.9772893994695758E+001   0.1307751448963224E+002   0.0000000000000000E+000                         1                        54                         4                       -50
  0.9464535392886960E+001   0.1330357097900307E+002   0.0000000000000000E+000                         1                        53                         4                       -49
  0.9156167770696365E+001   0.1353785876339239E+002   0.0000000000000000E+000                         1                        51                         5                       -46
  0.8882579398126232E+001   0.1378129048211598E+002   0.0000000000000000E+000                         1                        51                         4                       -47
  0.8614027463487220E+001   0.1403330734080046E+002   0.0000000000000000E+000                         1                        49                         5                       -44
  0.8372372197846719E+001   0.1429359981595542E+002   0.0000000000000000E+000                         1                        50                         3                       -47
  0.8147839664218729E+001   0.1456190440753700E+002   0.0000000000000000E+000                         1                        49                         3                       -46
  0.7906882441990602E+001   0.1483939546621289E+002   0.0000000000000000E+000                         1                        48                         3                       -45
  0.7631209731231069E+001   0.1512848046337134E+002   0.0000000000000000E+000                         1                        47                         3                       -44
  0.7331983632749891E+001   0.1543099258120233E+002   0.0000000000000000E+000                         1                        45                         4                       -41
  0.7069513603929278E+001   0.1574812400123488E+002   0.0000000000000000E+000                         1                        46                         2                       -44
  0.6816951200337829E+001   0.1607901078502449E+002   0.0000000000000000E+000                         1                        44                         3                       -41
  0.6646211003274054E+001   0.1642199957707033E+002   0.0000000000000000E+000                         1                        43                         3                       -40
  0.6445071983521497E+001   0.1677591053422701E+002   0.0000000000000000E+000                         1                        41                         4                       -37
  0.6254375418361779E+001   0.1714215142380539E+002   0.0000000000000000E+000                         1                        41                         3                       -38
  0.5991187800976402E+001   0.1752634870003836E+002   0.0000000000000000E+000                         1                        40                         3                       -37
  0.5720294283841969E+001   0.1793325646256642E+002   0.0000000000000000E+000                         1                        41                         1                       -40
  0.5472984235103269E+001   0.1836462288019191E+002   0.0000000000000000E+000                         1                        39                         2                       -37
  0.5261959927745380E+001   0.1881846338681790E+002   0.0000000000000000E+000                         1                        38                         2                       -36
  0.5121696618379513E+001   0.1928962890904328E+002   0.0000000000000000E+000                         1                        37                         2                       -35
  0.5000091326671588E+001   0.1977317832547351E+002   0.0000000000000000E+000                         1                        36                         2                       -34
  0.4836313947327101E+001   0.2027198694460649E+002   0.0000000000000000E+000                         1                        36                         1                       -35
  0.4574226865596135E+001   0.2080206578672817E+002   0.0000000000000000E+000                         1                        35                         1                       -34
  0.4300478872950834E+001   0.2137630081799037E+002   0.0000000000000000E+000                         1                        33                         2                       -31
  0.4073688193701834E+001   0.2199664688392786E+002   0.0000000000000000E+000                         1                        32                         2                       -30
  0.3921621553645285E+001   0.2265266904518769E+002   0.0000000000000000E+000                         1                        31                         2                       -29
  0.3895987032512049E+001   0.2332448052492349E+002   0.0000000000000000E+000                         1                        31                         1                       -30
  0.3890131363934743E+001   0.2399124165377186E+002   0.0000000000000000E+000                         1                        30                         1                       -29
  0.3661854788035776E+001   0.2468683925083682E+002   0.0000000000000000E+000                         1                        30                         0                       -30
  0.3310898761484036E+001   0.2547924105434171E+002   0.0000000000000000E+000                         1                        28                         1                       -27
  0.3054522161982257E+001   0.2637832608976053E+002   0.0000000000000000E+000                         1                        27                         1                       -26
  0.2858905486283473E+001   0.2737072086152325E+002   0.0000000000000000E+000                         1                        25                         2                       -23
  0.2740420510329323E+001   0.2843629114716246E+002   0.0000000000000000E+000                         1                        26                         0                       -26
  0.2815990958885379E+001   0.2950926590191214E+002   0.0000000000000000E+000                         1                        23                         2                       -21
  0.3201646892689972E+001   0.3041420246845838E+002   0.0000000000000000E+000                         1                        24                         0                       -24
  0.2545749413657523E+001   0.3140769673849354E+002   0.0000000000000000E+000                         1                        23                         0                       -23
  0.2211149855842973E+001   0.3275152684103755E+002   0.0000000000000000E+000                         1                        21                         1                       -20
  0.2033274199571592E+001   0.3431846566450876E+002   0.0000000000000000E+000                         1                        21                         0                       -21
  0.1908108744854127E+001   0.3605731103555175E+002   0.0000000000000000E+000                         1                        20                         0                       -20
  0.2044349060003359E+001   0.3784077622397555E+002   0.0000000000000000E+000                         1                        19                         0                       -19
  0.3083173247935041E+001   0.3888016883497011E+002   0.0000000000000000E+000                         1                        18                         0                       -18
  0.1681025550833130E+001   0.4053138308024566E+002   0.0000000000000000E+000                         1                        17                         0                       -17
  0.1503291069574566E+001   0.4295655543699390E+002   0.0000000000000000E+000                         1                        16                         0                       -16
  0.1377201268532726E+001   0.4577015824185925E+002   0.0000000000000000E+000                         1                        15                         0                       -15
  0.1269654056792693E+001   0.4898842003806848E+002   0.0000000000000000E+000                         1                        14                         0                       -14
  0.1163305352441475E+001   0.5269180618523945E+002   0.0000000000000000E+000                         1                        13                         0                       -13
  0.1081789091382828E+001   0.5696223834495731E+002   0.0000000000000000E+000                         1                        12                         0                       -12
  0.1037070731908178E+001   0.6192888330715104E+002   0.0000000000000000E+000                         1                        11                         0                       -11
  0.1380198913987235E+002   0.6429168370180535E+002   0.0000000000000000E+000                         1                        10                         0                       -10
  0.9597977036740917E+000   0.6798945284209697E+002   0.0000000000000000E+000                         1                         9                         0                        -9
  0.9140650641001464E+000   0.7505832602012674E+002   0.0000000000000000E+000                         1                         8                         0                        -8
  0.9023267354332566E+000   0.8370155456919038E+002   0.0000000000000000E+000                         1                         7                         0                        -7
  0.9283520056289588E+000   0.9446263571163209E+002   0.0000000000000000E+000                         1                         6                         0                        -6
  0.9683300650184561E+000   0.1082623780683103E+003   0.0000000000000000E+000                         1                         5                         0                        -5
  0.9598969313108998E+000   0.1266987332506468E+003   0.0000000000000000E+000                         1                         4                         0                        -4
  0.8342211800478775E+000   0.1520770039568415E+003   0.0000000000000000E+000                         1                         3                         0                        -3
  0.5980117377774045E+000   0.1901377986727421E+003   0.0000000000000000E+000                         1                         2                         0                        -2
  0.2995346156149498E-001   0.2610088871695164E+003   0.0000000000000000E+000                         1                         1                         0                        -1
  0.4504519124624575E-002   0.2849208494789317E+003   0.0000000000000000E+000                         1                         0                         0                         1
  0.6424834122357506E-003   0.4484245351840024E+003   0.0000000000000000E+000                         1                         0                         1                         2
  0.1749294044964618E-003   0.5968106355990446E+003   0.0000000000000000E+000                         1                         0                         2                         3
  0.5484858456601287E-004   0.7465646241156504E+003   0.0000000000000000E+000                         1                         0                         3                         4
  0.2064158920153067E-004   0.8932656156448738E+003   0.0000000000000000E+000                         1                         0                         4                         5
