                                                                                                                                                                                                                                                                



                        1                         2                         3                         4                         5                         6                         7
                   E_norm                  Re(freq)                  Im(freq)                         l                       n_g                       n_p                      n_pg
  0.4080490254079389E-004   0.8295621620392055E+003   0.0000000000000000E+000                         0                         0                         5                         5
  0.1547640120983621E-004   0.9773446694465898E+003   0.0000000000000000E+000                         0                         0                         6                         6
  0.6486760023745603E-005   0.1124448312333192E+004   0.0000000000000000E+000                         0                         0                         7                         7
  0.2775608279274274E-005   0.1270000481672337E+004   0.0000000000000000E+000                         0                         0                         8                         8
  0.1198944026508096E-005   0.1414803099693492E+004   0.0000000000000000E+000                         0                         0                         9                         9
  0.5366826813485702E-006   0.1556171492054455E+004   0.0000000000000000E+000                         0                         0                        10                        10
  0.2572053125245052E-006   0.1694484524957275E+004   0.0000000000000000E+000                         0                         0                        11                        11
  0.1401816739612816E-006   0.1831072534206942E+004   0.0000000000000000E+000                         0                         0                        12                        12
  0.8517100023029578E-007   0.1967005290794579E+004   0.0000000000000000E+000                         0                         0                        13                        13
  0.5441699373143526E-007   0.2103524485247728E+004   0.0000000000000000E+000                         0                         0                        14                        14
  0.3610502166870940E-007   0.2239626244337889E+004   0.0000000000000000E+000                         0                         0                        15                        15
  0.2526157002771789E-007   0.2374343582004781E+004   0.0000000000000000E+000                         0                         0                        16                        16
  0.1914873942598316E-007   0.2508843420153275E+004   0.0000000000000000E+000                         0                         0                        17                        17
  0.1566910039943264E-007   0.2643730738583630E+004   0.0000000000000000E+000                         0                         0                        18                        18
  0.1332889775633474E-007   0.2779234412247843E+004   0.0000000000000000E+000                         0                         0                        19                        19
  0.1161017188198880E-007   0.2915413802510351E+004   0.0000000000000000E+000                         0                         0                        20                        20
  0.1037900508191055E-007   0.3051541706685986E+004   0.0000000000000000E+000                         0                         0                        21                        21
  0.9526023604748941E-008   0.3187776388488991E+004   0.0000000000000000E+000                         0                         0                        22                        22
  0.9024673065795549E-008   0.3324504505365355E+004   0.0000000000000000E+000                         0                         0                        23                        23
  0.8739023904997861E-008   0.3461512256568425E+004   0.0000000000000000E+000                         0                         0                        24                        24
  0.8553570592197669E-008   0.3598980246000057E+004   0.0000000000000000E+000                         0                         0                        25                        25
  0.8492582541419965E-008   0.3736750564103648E+004   0.0000000000000000E+000                         0                         0                        26                        26
  0.8517560002970603E-008   0.3874575107905147E+004   0.0000000000000000E+000                         0                         0                        27                        27
  0.8622415105171256E-008   0.4012733447189215E+004   0.0000000000000000E+000                         0                         0                        28                        28
  0.8829262540273566E-008   0.4150960297618255E+004   0.0000000000000000E+000                         0                         0                        29                        29
  0.9115744387651505E-008   0.4289148504059600E+004   0.0000000000000000E+000                         0                         0                        30                        30
  0.9540368151109589E-008   0.4427453490700523E+004   0.0000000000000000E+000                         0                         0                        31                        31
  0.2134940218728177E-001   0.8516080633487393E+003   0.0000000000000000E+000                         1                         3                         4                         2
  0.2584726933515907E-004   0.8979980716396872E+003   0.0000000000000000E+000                         1                         1                         5                         5
  0.1037749817740129E-004   0.1044393310950088E+004   0.0000000000000000E+000                         1                         1                         6                         6
  0.4365027365753979E-005   0.1191370845549776E+004   0.0000000000000000E+000                         1                         1                         7                         7
  0.1901233456896777E-005   0.1336456898546586E+004   0.0000000000000000E+000                         1                         1                         8                         8
  0.8348246780515561E-006   0.1479109190047282E+004   0.0000000000000000E+000                         1                         2                         9                         8
  0.3435291642750709E-004   0.1535029559084947E+004   0.0000000000000000E+000                         1                         2                         8                         7
  0.3777797072656504E-006   0.1620537863160110E+004   0.0000000000000000E+000                         1                         1                        10                        10
  0.1919522800085327E-006   0.1757421089289319E+004   0.0000000000000000E+000                         1                         1                        11                        11
  0.1098798338599132E-006   0.1893650804904913E+004   0.0000000000000000E+000                         1                         1                        12                        12
  0.6889179132480956E-007   0.2030260139382860E+004   0.0000000000000000E+000                         1                         1                        13                        13
  0.4481671219988749E-007   0.2166589819413040E+004   0.0000000000000000E+000                         1                         1                        14                        14
  0.3020527307967224E-007   0.2302343511774665E+004   0.0000000000000000E+000                         1                         1                        15                        15
  0.2198042291691009E-007   0.2437040642371247E+004   0.0000000000000000E+000                         1                         1                        16                        16
  0.1730352142439602E-007   0.2571553911026853E+004   0.0000000000000000E+000                         1                         1                        17                        17
  0.1444154191538651E-007   0.2707029925102296E+004   0.0000000000000000E+000                         1                         1                        18                        18
  0.1247249088890157E-007   0.2842987959619704E+004   0.0000000000000000E+000                         1                         1                        19                        19
  0.1096536451333519E-007   0.2979147319745025E+004   0.0000000000000000E+000                         1                         1                        20                        20
  0.9918171591623762E-008   0.3115554285545517E+004   0.0000000000000000E+000                         1                         1                        21                        21
  0.9265043722638742E-008   0.3251961979688509E+004   0.0000000000000000E+000                         1                         1                        22                        22
  0.8859215134164708E-008   0.3388841396227403E+004   0.0000000000000000E+000                         1                         1                        23                        23
  0.8639461772267344E-008   0.3526229929836716E+004   0.0000000000000000E+000                         1                         1                        24                        24
  0.8518720431676270E-008   0.3663729995042957E+004   0.0000000000000000E+000                         1                         1                        25                        25
  0.8484250282174799E-008   0.3801571744299516E+004   0.0000000000000000E+000                         1                         1                        26                        26
  0.8565694906486900E-008   0.3939580372865503E+004   0.0000000000000000E+000                         1                         1                        27                        27
  0.8712217786221211E-008   0.4077634100041785E+004   0.0000000000000000E+000                         1                         0                        27                        28
  0.8947516855811375E-008   0.4215894578046759E+004   0.0000000000000000E+000                         1                         0                        28                        29
  0.9310493253441663E-008   0.4354045737562779E+004   0.0000000000000000E+000                         1                         0                        29                        30
  0.9801438084986153E-008   0.4492122831380342E+004   0.0000000000000000E+000                         1                         0                        30                        31
  0.4445095857101639E-004   0.8150983731688823E+003   0.0000000000000000E+000                         2                         3                         4                         1
  0.6166693960042104E-002   0.9430464382112241E+003   0.0000000000000000E+000                         2                         2                         4                         2
  0.1682793499502610E-004   0.9640468628583548E+003   0.0000000000000000E+000                         2                         2                         5                         3
  0.7024142248156802E-005   0.1110968387313622E+004   0.0000000000000000E+000                         2                         2                         6                         4
  0.2992769617433393E-005   0.1256749025805346E+004   0.0000000000000000E+000                         2                         2                         7                         5
  0.2157165749237120E-002   0.1317005522369471E+004   0.0000000000000000E+000                         2                         1                         7                         6
  0.1294494566795871E-005   0.1401815754804821E+004   0.0000000000000000E+000                         2                         1                         8                         7
  0.5756535536256564E-006   0.1543419776037998E+004   0.0000000000000000E+000                         2                         1                         9                         8
  0.2727389446332074E-006   0.1682269159438637E+004   0.0000000000000000E+000                         2                         1                        10                         9
  0.1470177976930169E-006   0.1819103116347401E+004   0.0000000000000000E+000                         2                         1                        11                        10
  0.8843513218987447E-007   0.1955242714581964E+004   0.0000000000000000E+000                         2                         1                        12                        11
  0.5630062545164679E-007   0.2092106623614874E+004   0.0000000000000000E+000                         2                         1                        13                        12
  0.4098102339527854E-007   0.2227767584308946E+004   0.0000000000000000E+000                         2                         1                        14                        13
  0.4006434034252157E-006   0.2236992988726079E+004   0.0000000000000000E+000                         2                         0                        14                        14
  0.2583765739086637E-007   0.2363801032079886E+004   0.0000000000000000E+000                         2                         0                        15                        15
  0.1945324797252297E-007   0.2498646197266714E+004   0.0000000000000000E+000                         2                         0                        16                        16
  0.1583973516336092E-007   0.2633761663341490E+004   0.0000000000000000E+000                         2                         0                        17                        17
  0.1343175448602550E-007   0.2769582704000080E+004   0.0000000000000000E+000                         2                         0                        18                        18
  0.1168681766059094E-007   0.2906087493617204E+004   0.0000000000000000E+000                         2                         0                        19                        19
  0.1042351548061585E-007   0.3042507745875566E+004   0.0000000000000000E+000                         2                         0                        20                        20
  0.9544524590894481E-008   0.3179077485450946E+004   0.0000000000000000E+000                         2                         0                        21                        21
  0.9031053502022781E-008   0.3316074489767912E+004   0.0000000000000000E+000                         2                         0                        22                        22
  0.8733166615490065E-008   0.3453334323803495E+004   0.0000000000000000E+000                         2                         0                        23                        23
  0.8543703317266891E-008   0.3591086223319241E+004   0.0000000000000000E+000                         2                         0                        24                        24
  0.8479877625924093E-008   0.3729085158135113E+004   0.0000000000000000E+000                         2                         0                        25                        25
  0.8497842036789381E-008   0.3867142976456599E+004   0.0000000000000000E+000                         2                         0                        26                        26
  0.8601724841141161E-008   0.4005531024358855E+004   0.0000000000000000E+000                         2                         0                        27                        27
  0.8805014734190109E-008   0.4143943643190470E+004   0.0000000000000000E+000                         2                         0                        28                        28
  0.9085259225762363E-008   0.4282333989223714E+004   0.0000000000000000E+000                         2                         0                        29                        29
  0.9506240292641298E-008   0.4420816283573086E+004   0.0000000000000000E+000                         2                         0                        30                        30
  0.1875644126886042E+001   0.8150191347512344E+003   0.0000000000000000E+000                         3                         4                         3                        -1
  0.3062075398445912E-004   0.8703169289308531E+003   0.0000000000000000E+000                         3                         4                         4                         0
  0.6402082605996422E+000   0.9777803009362299E+003   0.0000000000000000E+000                         3                         3                         4                         1
  0.1193923114658889E-004   0.1018775698529889E+004   0.0000000000000000E+000                         3                         3                         5                         2
  0.5010100480468458E-005   0.1167018723023504E+004   0.0000000000000000E+000                         3                         3                         6                         3
  0.2465019110459920E+000   0.1231613330601764E+004   0.0000000000000000E+000                         3                         2                         6                         4
  0.2163231066700709E-005   0.1312932546098339E+004   0.0000000000000000E+000                         3                         2                         7                         5
  0.9315057370938596E-006   0.1457380273644195E+004   0.0000000000000000E+000                         3                         2                         8                         6
  0.4220000450422753E-006   0.1598778374316942E+004   0.0000000000000000E+000                         3                         2                         9                         7
  0.1047767676216510E-001   0.1683819912693039E+004   0.0000000000000000E+000                         3                         1                         9                         8
  0.2097673530767575E-006   0.1736719865465169E+004   0.0000000000000000E+000                         3                         1                        10                         9
  0.1179168059981074E-006   0.1873696032143603E+004   0.0000000000000000E+000                         3                         1                        11                        10
  0.7323416794902349E-007   0.2010650933750616E+004   0.0000000000000000E+000                         3                         1                        12                        11
  0.4725997224128128E-007   0.2147615601620120E+004   0.0000000000000000E+000                         3                         1                        13                        12
  0.3162207607309998E-007   0.2284139134690813E+004   0.0000000000000000E+000                         3                         1                        14                        13
  0.2272669069167206E-007   0.2419370531461284E+004   0.0000000000000000E+000                         3                         1                        15                        14
  0.1767836751363496E-007   0.2554442953895134E+004   0.0000000000000000E+000                         3                         1                        16                        15
  0.1468271452448012E-007   0.2690395043071596E+004   0.0000000000000000E+000                         3                         1                        17                        16
  0.4967623733761266E-004   0.2716259768570028E+004   0.0000000000000000E+000                         3                         0                        17                        17
  0.1262674619831776E-007   0.2826814124830014E+004   0.0000000000000000E+000                         3                         0                        18                        18
  0.1106170564363863E-007   0.2963591990441058E+004   0.0000000000000000E+000                         3                         0                        19                        19
  0.9976829800471006E-008   0.3100539958661821E+004   0.0000000000000000E+000                         3                         0                        20                        20
  0.9279573179576572E-008   0.3237451419310267E+004   0.0000000000000000E+000                         3                         0                        21                        21
  0.8852447094365327E-008   0.3374894015215493E+004   0.0000000000000000E+000                         3                         0                        22                        22
  0.8624472946285990E-008   0.3512775547025815E+004   0.0000000000000000E+000                         3                         0                        23                        23
  0.8488805842954131E-008   0.3650812848707206E+004   0.0000000000000000E+000                         3                         0                        24                        24
  0.8449611983717505E-008   0.3789219043661069E+004   0.0000000000000000E+000                         3                         0                        25                        25
  0.8523747965037469E-008   0.3927725893200181E+004   0.0000000000000000E+000                         3                         0                        26                        26
  0.8660744370946697E-008   0.4066327861409383E+004   0.0000000000000000E+000                         3                         0                        27                        27
  0.8892988645663985E-008   0.4205123447732544E+004   0.0000000000000000E+000                         3                         0                        28                        28
  0.9244385736362010E-008   0.4343775483218369E+004   0.0000000000000000E+000                         3                         0                        29                        29
  0.9723057245878900E-008   0.4482394772953328E+004   0.0000000000000000E+000                         3                         0                        30                        30
