                                                                                                                                                                                                                                                                



                        1                         2                         3                         4                         5                         6                         7
                   E_norm                  Re(freq)                  Im(freq)                         l                       n_g                       n_p                      n_pg
  0.3381427352390651E-004   0.8258686714181569E+003   0.0000000000000000E+000                         0                         0                         5                         5
  0.1297799758758515E-004   0.9733326680683241E+003   0.0000000000000000E+000                         0                         0                         6                         6
  0.5503561663755044E-005   0.1118938482371590E+004   0.0000000000000000E+000                         0                         0                         7                         7
  0.2370125525256007E-005   0.1264416968385917E+004   0.0000000000000000E+000                         0                         0                         8                         8
  0.1048716155625011E-005   0.1408595462427625E+004   0.0000000000000000E+000                         0                         0                         9                         9
  0.4695039308206020E-006   0.1549528419029043E+004   0.0000000000000000E+000                         0                         0                        10                        10
  0.2256316219124031E-006   0.1687885574846583E+004   0.0000000000000000E+000                         0                         0                        11                        11
  0.1239649342838396E-006   0.1823498847413606E+004   0.0000000000000000E+000                         0                         0                        12                        12
  0.7586546114556324E-007   0.1958961827732676E+004   0.0000000000000000E+000                         0                         0                        13                        13
  0.4964885441338455E-007   0.2095222485918223E+004   0.0000000000000000E+000                         0                         0                        14                        14
  0.3339912863360227E-007   0.2230810501897630E+004   0.0000000000000000E+000                         0                         0                        15                        15
  0.2347092595548940E-007   0.2365628093240327E+004   0.0000000000000000E+000                         0                         0                        16                        16
  0.1799781829014636E-007   0.2499722968480439E+004   0.0000000000000000E+000                         0                         0                        17                        17
  0.1484350796718673E-007   0.2634067948272703E+004   0.0000000000000000E+000                         0                         0                        18                        18
  0.1282797477983971E-007   0.2769588968554154E+004   0.0000000000000000E+000                         0                         0                        19                        19
  0.1135284111099651E-007   0.2905459988263491E+004   0.0000000000000000E+000                         0                         0                        20                        20
  0.1018778912160760E-007   0.3041553346845463E+004   0.0000000000000000E+000                         0                         0                        21                        21
  0.9419732865039877E-008   0.3177829110413988E+004   0.0000000000000000E+000                         0                         0                        22                        22
  0.8952785240169939E-008   0.3314163102881359E+004   0.0000000000000000E+000                         0                         0                        23                        23
  0.8687034918986877E-008   0.3451129342560323E+004   0.0000000000000000E+000                         0                         0                        24                        24
  0.8576016836667240E-008   0.3588397348138406E+004   0.0000000000000000E+000                         0                         0                        25                        25
  0.8530392993117941E-008   0.3725891236572533E+004   0.0000000000000000E+000                         0                         0                        26                        26
  0.8586095178721742E-008   0.3863744249780308E+004   0.0000000000000000E+000                         0                         0                        27                        27
  0.8724606051725227E-008   0.4001599170616288E+004   0.0000000000000000E+000                         0                         0                        28                        28
  0.8926629266878936E-008   0.4139673913690800E+004   0.0000000000000000E+000                         0                         0                        29                        29
  0.9249524790003397E-008   0.4277785411828257E+004   0.0000000000000000E+000                         0                         0                        30                        30
  0.9675155228399915E-008   0.4415802170657008E+004   0.0000000000000000E+000                         0                         0                        31                        31
  0.2446933013045335E+000   0.8575624650474124E+003   0.0000000000000000E+000                         1                        10                         5                        -5
  0.2163360547060070E-004   0.8942662062664017E+003   0.0000000000000000E+000                         1                         9                         5                        -4
  0.1322984680459249E+000   0.9514670428545002E+003   0.0000000000000000E+000                         1                        10                         4                        -6
  0.8651289842165059E-005   0.1040240299672828E+004   0.0000000000000000E+000                         1                         9                         6                        -3
  0.1392685769156531E-001   0.1068332209402383E+004   0.0000000000000000E+000                         1                         8                         5                        -3
  0.3726907236144558E-005   0.1186447984816979E+004   0.0000000000000000E+000                         1                         7                         7                         1
  0.4024263919201223E-002   0.1216804749655450E+004   0.0000000000000000E+000                         1                         8                         6                        -2
  0.1635139828468673E-005   0.1330698167038017E+004   0.0000000000000000E+000                         1                         7                         8                         2
  0.1910140361644264E-002   0.1412832493712058E+004   0.0000000000000000E+000                         1                         6                         9                         4
  0.7170263790640198E-006   0.1473993633997761E+004   0.0000000000000000E+000                         1                         5                         9                         5
  0.3315225755645312E-006   0.1613787054257739E+004   0.0000000000000000E+000                         1                         5                        10                         6
  0.2277437404409516E-003   0.1686721372535038E+004   0.0000000000000000E+000                         1                         5                        10                         6
  0.1677350137578668E-006   0.1750629131872563E+004   0.0000000000000000E+000                         1                         5                        11                         7
  0.9729520382451363E-007   0.1886522723004916E+004   0.0000000000000000E+000                         1                         5                        12                         8
  0.6211689125640934E-007   0.2022279181303117E+004   0.0000000000000000E+000                         1                         5                        13                         9
  0.2331533894075312E-004   0.2096441595845400E+004   0.0000000000000000E+000                         1                         3                        13                        11
  0.4095220646922599E-007   0.2158781722869284E+004   0.0000000000000000E+000                         1                         3                        14                        12
  0.2805102639197314E-007   0.2294385316802750E+004   0.0000000000000000E+000                         1                         3                        15                        13
  0.2046993169106051E-007   0.2428678737245778E+004   0.0000000000000000E+000                         1                         3                        16                        14
  0.1625209813440060E-007   0.2563157485058812E+004   0.0000000000000000E+000                         1                         3                        17                        15
  0.1383882182115600E-007   0.2698106322563386E+004   0.0000000000000000E+000                         1                         3                        18                        16
  0.2455294407666495E-005   0.2766548378091513E+004   0.0000000000000000E+000                         1                         3                        18                        16
  0.1207566833657822E-007   0.2834229339717586E+004   0.0000000000000000E+000                         1                         3                        19                        17
  0.1073739801042827E-007   0.2970509654694125E+004   0.0000000000000000E+000                         1                         3                        20                        18
  0.9777941984425694E-008   0.3106671931433368E+004   0.0000000000000000E+000                         1                         3                        21                        19
  0.9138908790655404E-008   0.3243148157493653E+004   0.0000000000000000E+000                         1                         3                        22                        20
  0.8805813879071093E-008   0.3379971314589510E+004   0.0000000000000000E+000                         1                         3                        23                        21
  0.8613115054977535E-008   0.3517084755763811E+004   0.0000000000000000E+000                         1                         3                        24                        22
  0.8531475802892947E-008   0.3654698388906826E+004   0.0000000000000000E+000                         1                         3                        25                        23
  0.8554597777909474E-008   0.3792360792410185E+004   0.0000000000000000E+000                         1                         3                        26                        24
  0.8649005301032796E-008   0.3930152901327264E+004   0.0000000000000000E+000                         1                         3                        27                        25
  0.6949869737483251E-007   0.4052169724024565E+004   0.0000000000000000E+000                         1                         1                        27                        27
  0.1005489021190923E-007   0.4070906035797234E+004   0.0000000000000000E+000                         1                         1                        28                        28
  0.9082000365856520E-008   0.4206945690453539E+004   0.0000000000000000E+000                         1                         1                        29                        29
  0.9431099180863936E-008   0.4345071139857705E+004   0.0000000000000000E+000                         1                         1                        30                        30
  0.9947384922229316E-008   0.4483135929995016E+004   0.0000000000000000E+000                         1                         1                        31                        31
  0.3659086093164621E-004   0.8123167783004972E+003   0.0000000000000000E+000                         2                        18                         4                       -14
  0.5437817361336360E+000   0.8196402260451976E+003   0.0000000000000000E+000                         2                        17                         4                       -13
  0.1409078168513181E+002   0.8666794923439923E+003   0.0000000000000000E+000                         2                        16                         4                       -12
  0.6916038150534840E+001   0.9194751910499244E+003   0.0000000000000000E+000                         2                        15                         4                       -11
  0.1406306865809225E-004   0.9605027920157678E+003   0.0000000000000000E+000                         2                        15                         5                       -10
  0.1102354040143248E+001   0.9787936393796264E+003   0.0000000000000000E+000                         2                        14                         5                        -9
  0.4188796133987260E+001   0.1046445087867451E+004   0.0000000000000000E+000                         2                        13                         5                        -8
  0.5925095500704100E-005   0.1106000845816189E+004   0.0000000000000000E+000                         2                        13                         6                        -7
  0.3826451255816166E+000   0.1124341786005072E+004   0.0000000000000000E+000                         2                        12                         6                        -6
  0.6835342873071644E+000   0.1214962976346743E+004   0.0000000000000000E+000                         2                        11                         6                        -5
  0.2550219777982649E-005   0.1251679138444050E+004   0.0000000000000000E+000                         2                        11                         7                        -4
  0.6028273336178733E+000   0.1321295555459041E+004   0.0000000000000000E+000                         2                        10                         7                        -3
  0.1129974902321018E-005   0.1395764473588941E+004   0.0000000000000000E+000                         2                        10                         8                        -2
  0.1905300775662574E+000   0.1447859151463791E+004   0.0000000000000000E+000                         2                         9                         8                        -1
  0.5024244249414783E-006   0.1537077141403706E+004   0.0000000000000000E+000                         2                         9                         9                         0
  0.7175714632121370E-001   0.1602324177319378E+004   0.0000000000000000E+000                         2                         8                         9                         1
  0.2395228841890070E-006   0.1675829247685449E+004   0.0000000000000000E+000                         2                         8                        10                         2
  0.3243563159728721E-002   0.1793881860308849E+004   0.0000000000000000E+000                         2                         7                        10                         3
  0.1297425446967972E-006   0.1811654606142033E+004   0.0000000000000000E+000                         2                         7                        11                         4
  0.7862967881405502E-007   0.1947425282504354E+004   0.0000000000000000E+000                         2                         7                        12                         5
  0.4771370090460295E-002   0.2035934985764083E+004   0.0000000000000000E+000                         2                         6                        12                         6
  0.5130070385385104E-007   0.2083889533688632E+004   0.0000000000000000E+000                         2                         6                        13                         7
  0.3434218309440863E-007   0.2219859159134354E+004   0.0000000000000000E+000                         2                         6                        14                         8
  0.1826988418696527E-007   0.2489542344296806E+004   0.0000000000000000E+000                         2                         5                        16                        11
  0.1497717137674929E-007   0.2624211246864793E+004   0.0000000000000000E+000                         2                         5                        17                        12
  0.1292163337755791E-007   0.2760022344079205E+004   0.0000000000000000E+000                         2                         5                        18                        13
  0.1519010222903348E-003   0.2787615807752628E+004   0.0000000000000000E+000                         2                         4                        18                        14
  0.1141272380109384E-007   0.2896187468361120E+004   0.0000000000000000E+000                         2                         4                        19                        15
  0.1022453738045764E-007   0.3032657728114897E+004   0.0000000000000000E+000                         2                         4                        20                        16
  0.9438657598994965E-008   0.3169232511589461E+004   0.0000000000000000E+000                         2                         4                        21                        17
  0.8950655993980348E-008   0.3305868874889100E+004   0.0000000000000000E+000                         2                         4                        22                        18
  0.1563689644180899E-004   0.3428071777894537E+004   0.0000000000000000E+000                         2                         3                        22                        19
  0.8684215970709683E-008   0.3443148110843000E+004   0.0000000000000000E+000                         2                         3                        23                        20
  0.8562520932206730E-008   0.3580665782311774E+004   0.0000000000000000E+000                         2                         3                        24                        21
  0.8511196229510587E-008   0.3718453215962018E+004   0.0000000000000000E+000                         2                         3                        25                        22
  0.8566262470864286E-008   0.3856563079704316E+004   0.0000000000000000E+000                         2                         3                        26                        23
  0.8698642779801220E-008   0.3994665068425631E+004   0.0000000000000000E+000                         2                         3                        27                        24
  0.8898742641043666E-008   0.4133000950592124E+004   0.0000000000000000E+000                         2                         3                        28                        25
  0.9217705643781486E-008   0.4271333482933511E+004   0.0000000000000000E+000                         2                         3                        29                        26
  0.9637755637088649E-008   0.4409582145224615E+004   0.0000000000000000E+000                         2                         3                        30                        27
  0.3711630264080050E-004   0.4451969509686291E+004   0.0000000000000000E+000                         2                         2                        30                        28
  0.4806932942171760E+004   0.8005855603234579E+003   0.0000000000000000E+000                         3                        25                         3                       -22
  0.2130693449094044E+004   0.8317171151991541E+003   0.0000000000000000E+000                         3                        24                         3                       -21
  0.8986714630684855E+001   0.8651875484667340E+003   0.0000000000000000E+000                         3                        24                         4                       -20
  0.2537382698021529E-004   0.8674103747900075E+003   0.0000000000000000E+000                         3                        23                         4                       -19
  0.1524212106695361E+004   0.9014467475401427E+003   0.0000000000000000E+000                         3                        22                         4                       -18
  0.2898110236132396E+004   0.9410765644838008E+003   0.0000000000000000E+000                         3                        21                         4                       -17
  0.8645435433292163E+003   0.9846092113558942E+003   0.0000000000000000E+000                         3                        20                         4                       -16
  0.9924633193656281E-005   0.1015584852075495E+004   0.0000000000000000E+000                         3                        20                         5                       -15
  0.2111733521875912E+003   0.1032141953559375E+004   0.0000000000000000E+000                         3                        19                         5                       -14
  0.1278197639606030E+004   0.1084230429442624E+004   0.0000000000000000E+000                         3                        18                         5                       -13
  0.1596893262598788E+003   0.1142129528754257E+004   0.0000000000000000E+000                         3                        17                         5                       -12
  0.4260144275233138E-005   0.1162453797988058E+004   0.0000000000000000E+000                         3                        17                         6                       -11
  0.3877962867040238E+003   0.1206831201454765E+004   0.0000000000000000E+000                         3                        16                         6                       -10
  0.1187138788619525E+003   0.1279427920673301E+004   0.0000000000000000E+000                         3                        15                         6                        -9
  0.1849906323591133E-005   0.1307714559267400E+004   0.0000000000000000E+000                         3                        15                         7                        -8
  0.1730726784383692E+003   0.1360873846559143E+004   0.0000000000000000E+000                         3                        14                         7                        -7
  0.2207453758565130E+002   0.1559553047458932E+004   0.0000000000000000E+000                         3                        12                         8                        -4
  0.3701051598538715E-006   0.1592581745889768E+004   0.0000000000000000E+000                         3                        12                         9                        -3
  0.1605970879661593E+002   0.1683202346315612E+004   0.0000000000000000E+000                         3                        11                         9                        -2
  0.1831792412761199E-006   0.1730364076925205E+004   0.0000000000000000E+000                         3                        11                        10                        -1
  0.5255128009202239E+001   0.1827623565753419E+004   0.0000000000000000E+000                         3                        10                        10                         0
  0.1044577732663078E-006   0.1866625746162378E+004   0.0000000000000000E+000                         3                        10                        11                         1
  0.3090427886240326E-001   0.1998670401792895E+004   0.0000000000000000E+000                         3                        10                        12                         2
  0.6572473966353773E-007   0.2002714533924478E+004   0.0000000000000000E+000                         3                         9                        12                         3
  0.4315851063695218E-007   0.2139668387924211E+004   0.0000000000000000E+000                         3                         9                        13                         4
  0.1372133397301004E+001   0.2206352690031397E+004   0.0000000000000000E+000                         3                         8                        13                         5
  0.2938511232729324E-007   0.2275797175978066E+004   0.0000000000000000E+000                         3                         8                        14                         6
  0.2114845870451426E-007   0.2410727071976260E+004   0.0000000000000000E+000                         3                         8                        15                         7
  0.4397083958953704E+000   0.2463204329489623E+004   0.0000000000000000E+000                         3                         7                        15                         8
  0.1662162284584267E-007   0.2545660269329235E+004   0.0000000000000000E+000                         3                         7                        16                         9
  0.1401615190619023E-007   0.2680987149053455E+004   0.0000000000000000E+000                         3                         7                        17                        10
  0.9004581471562836E-001   0.2786163561177215E+004   0.0000000000000000E+000                         3                         6                        17                        11
  0.1219091159122903E-007   0.2817297127227382E+004   0.0000000000000000E+000                         3                         6                        18                        12
  0.1084430159124328E-007   0.2954096799277173E+004   0.0000000000000000E+000                         3                         6                        19                        13
  0.9832439098132161E-008   0.3090739120875943E+004   0.0000000000000000E+000                         3                         6                        20                        14
  0.2341160295995738E-001   0.3204003257507475E+004   0.0000000000000000E+000                         3                         5                        20                        15
  0.9162937287447879E-008   0.3227713551395510E+004   0.0000000000000000E+000                         3                         5                        21                        16
  0.8806026691838842E-008   0.3364907738174156E+004   0.0000000000000000E+000                         3                         5                        22                        17
  0.8594153039948975E-008   0.3502482102376396E+004   0.0000000000000000E+000                         3                         5                        23                        18
  0.8509201725918492E-008   0.3640539561260720E+004   0.0000000000000000E+000                         3                         5                        24                        19
  0.9403373069288716E-003   0.3771808234607061E+004   0.0000000000000000E+000                         3                         5                        25                        20
  0.8516886664293710E-008   0.3778642915883565E+004   0.0000000000000000E+000                         3                         4                        25                        21
  0.8588777148801684E-008   0.3917041601824323E+004   0.0000000000000000E+000                         3                         4                        26                        22
  0.8766537983660402E-008   0.4055568481719185E+004   0.0000000000000000E+000                         3                         4                        27                        23
  0.9010353351819718E-008   0.4194057358115462E+004   0.0000000000000000E+000                         3                         4                        28                        24
  0.9364983046550005E-008   0.4332697539675017E+004   0.0000000000000000E+000                         3                         4                        29                        25
  0.9868043534685515E-008   0.4471158478495618E+004   0.0000000000000000E+000                         3                         4                        30                        26
